1659527818.696958,0
1659527818.903359,5
1659527819.024464,14
1659527819.158973,20
1659527819.305269,20
1659527819.415275,20
1659527819.528768,19
1659527819.660437,20
1659527819.772842,20
1659527819.882932,20
1659527820.009223,20
1659527820.118838,19
1659527820.229894,19
1659527820.345627,19
1659527820.457960,14
1659527820.569813,16
1659527820.676584,16
1659527820.791036,17
1659527820.897690,18
1659527821.003947,19
1659527821.110910,19
1659527821.218559,18
1659527821.329216,19
1659527821.438910,20
1659527821.544317,19
1659527821.651320,20
1659527821.757255,19
1659527821.863830,20
1659527821.979285,20
1659527822.087889,20
1659527822.196376,18
1659527822.305532,19
1659527822.411778,18
1659527822.519166,18
1659527822.625492,18
1659527822.731587,17
1659527822.843995,16
1659527822.949800,16
1659527823.057823,17
1659527823.170194,17
1659527823.277014,16
1659527823.389244,15
1659527823.528769,16
1659527823.646016,17
1659527823.757227,18
1659527823.862347,19
1659527823.968787,19
1659527824.076342,19
1659527824.184607,19
1659527824.294553,19
1659527824.407837,17
1659527824.516207,18
1659527824.623360,17
1659527824.729629,17
1659527824.839709,20
1659527824.948966,20
1659527825.056399,18
1659527825.162173,19
1659527825.268616,17
1659527825.375183,19
1659527825.480603,19
1659527825.591751,19
1659527825.698908,20
1659527825.807953,19
1659527825.914572,19
1659527826.022125,20
1659527826.132089,20
1659527826.238149,20
1659527826.345991,19
1659527826.459592,20
1659527826.568973,19
1659527826.675564,18
1659527826.784255,17
1659527826.895789,17
1659527827.002330,17
1659527827.110141,16
1659527827.222096,16
1659527827.333826,17
1659527827.439735,17
1659527827.550037,17
1659527827.659492,16
1659527827.771061,19
1659527827.883720,19
1659527827.993605,18
1659527828.099912,20
1659527828.206557,20
1659527828.314198,19
1659527828.429308,20
1659527828.535126,19
1659527828.643083,20
1659527828.749641,16
1659527828.856605,14
1659527828.962476,13
1659527829.068532,16
1659527829.175969,16
1659527829.285152,15
1659527829.400731,17
1659527829.514090,17
1659527829.629566,17
1659527829.736084,17
1659527829.845097,19
1659527829.951523,19
1659527830.058069,19
1659527830.164528,19
1659527830.279052,19
1659527830.385270,20
1659527830.494048,20
1659527830.600685,19
1659527830.710221,20
1659527830.815821,20
1659527830.925664,20
1659527831.034998,16
1659527831.142870,12
1659527831.249274,9
1659527831.354767,8
1659527831.461564,7
1659527831.569486,8
1659527831.680184,8
1659527831.785859,9
1659527831.892196,9
1659527832.001473,10
1659527832.111663,11
1659527832.224006,11
1659527832.329458,11
1659527832.438716,12
1659527832.547745,11
1659527832.657598,13
1659527832.772733,13
1659527832.881730,12
1659527832.993597,14
1659527833.105706,14
1659527833.212309,14
1659527833.320611,16
1659527833.427873,16
1659527833.534686,15
1659527833.646749,15
1659527833.763716,16
1659527833.872245,16
1659527833.982187,16
1659527834.088202,16
1659527834.199876,16
1659527834.307830,16
1659527834.423264,17
1659527834.529243,17
1659527834.634365,17
1659527834.741883,18
1659527834.854205,18
1659527834.961116,18
1659527835.067644,18
1659527835.178178,19
1659527835.285126,19
1659527835.391622,20
1659527835.496974,20
1659527835.603092,20
1659527835.712319,20
1659527835.819887,20
1659527835.927736,20
1659527836.039943,20
1659527836.149927,20
1659527836.255527,20
1659527836.372147,20
1659527836.490773,20
1659527836.596835,19
1659527836.705492,17
1659527836.811943,17
1659527836.924219,15
1659527837.036554,16
1659527837.148108,15
1659527837.256143,15
1659527837.362668,15
1659527837.469770,17
1659527837.575841,17
1659527837.682198,16
1659527837.793142,16
1659527837.902720,17
1659527838.013101,18
1659527838.119614,19
1659527838.225506,19
1659527838.335304,19
1659527838.441385,19
1659527838.546608,19
1659527838.653333,19
1659527838.759367,19
1659527838.865818,20
1659527838.972389,19
1659527839.080799,20
1659527839.187818,18
1659527839.293414,18
1659527839.400305,17
1659527839.515625,18
1659527839.631505,18
1659527839.736927,18
1659527839.844854,19
1659527839.959937,19
1659527840.066027,20
1659527840.174029,19
1659527840.282308,20
1659527840.388170,20
1659527840.495291,20
1659527840.601131,19
1659527840.707648,18
1659527840.814597,17
1659527840.922135,15
1659527841.030474,13
1659527841.136450,12
1659527841.247982,16
1659527841.358968,15
1659527841.465279,17
1659527841.571622,18
1659527841.684298,17
1659527841.798921,18
1659527841.905117,18
1659527842.013877,18
1659527842.120315,20
1659527842.225974,20
1659527842.331600,20
1659527842.440831,19
1659527842.554867,20
1659527842.662005,20
1659527842.771335,19
1659527842.877270,19
1659527842.986436,19
1659527843.092171,19
1659527843.201277,19
1659527843.314369,19
1659527843.420779,18
1659527843.529695,19
1659527843.641757,19
1659527843.751329,15
1659527843.864734,17
1659527843.971393,16
1659527844.084363,16
1659527844.191537,20
1659527844.297336,20
1659527844.405622,20
1659527844.517899,20
1659527844.624525,20
1659527844.729906,20
1659527844.837377,20
1659527844.943729,20
1659527845.056432,20
1659527845.162142,20
1659527845.273083,20
1659527845.387987,19
1659527845.502767,19
1659527845.611853,19
1659527845.721384,18
1659527845.826677,17
1659527845.937849,18
1659527846.051297,18
1659527846.159933,18
1659527846.265985,18
1659527846.372714,18
1659527846.481390,19
1659527846.586774,19
1659527846.692919,19
1659527846.799465,18
1659527846.910414,19
1659527847.018047,19
1659527847.127894,19
1659527847.236103,18
1659527847.353746,19
1659527847.473538,15
1659527847.623935,15
1659527847.735265,16
1659527847.851808,14
1659527847.963027,14
1659527848.076014,14
1659527848.194597,15
1659527848.342760,13
1659527848.448465,15
1659527848.557238,15
1659527848.662704,16
1659527848.771554,15
1659527848.879586,17
1659527848.986005,18
1659527849.093822,17
1659527849.206997,17
1659527849.316801,17
1659527849.423045,17
1659527849.529573,18
1659527849.639520,18
1659527849.745015,18
1659527849.853831,18
1659527849.964927,19
1659527850.071793,19
1659527850.182352,19
1659527850.289904,20
1659527850.400319,20
1659527850.507859,20
1659527850.617353,19
1659527850.742617,20
1659527850.864767,19
1659527850.978606,20
1659527851.089044,19
1659527851.200050,16
1659527851.306024,14
1659527851.412493,14
1659527851.519405,13
1659527851.624769,14
1659527851.731873,13
1659527851.837827,14
1659527851.944121,13
1659527852.056871,12
1659527852.167372,13
1659527852.282493,15
1659527852.405421,14
1659527852.521680,15
1659527852.628356,16
1659527852.737014,16
1659527852.845280,20
1659527852.950958,19
1659527853.056619,19
1659527853.164232,18
1659527853.273772,20
1659527853.380124,20
1659527853.487635,20
1659527853.593399,20
1659527853.706691,19
1659527853.817349,19
1659527853.923028,19
1659527854.029078,19
1659527854.139932,19
1659527854.246064,18
1659527854.357803,18
1659527854.464643,18
1659527854.573802,18
1659527854.683377,18
1659527854.790403,19
1659527854.896713,19
1659527855.003570,19
1659527855.113515,20
1659527855.220437,19
1659527855.326396,18
1659527855.434383,19
1659527855.541975,19
1659527855.652081,19
1659527855.766016,20
1659527855.872809,18
1659527856.022067,19
1659527856.142286,19
1659527856.252806,18
1659527856.364833,16
1659527856.472676,14
1659527856.585497,18
1659527856.695117,16
1659527856.807307,16
1659527856.913904,17
1659527857.029506,17
1659527857.138029,18
1659527857.244722,18
1659527857.353631,18
1659527857.459447,19
1659527857.566702,20
1659527857.675441,20
1659527857.780827,20
1659527857.886910,20
1659527857.997348,20
1659527858.106257,20
1659527858.257214,20
1659527858.408239,20
1659527858.520222,19
1659527858.626786,19
1659527858.735576,14
1659527858.841128,13
1659527858.959269,16
1659527859.077885,16
1659527859.186206,17
1659527859.295968,17
1659527859.417117,17
1659527859.540340,16
1659527859.660895,18
1659527859.767467,19
1659527859.876772,19
1659527859.983418,19
1659527860.092871,19
1659527860.198578,19
1659527860.305008,20
1659527860.414288,20
1659527860.522377,20
1659527860.631071,20
1659527860.747664,20
1659527860.863316,14
1659527860.969187,13
1659527861.078423,9
1659527861.187006,9
1659527861.298314,8
1659527861.404545,8
1659527861.510304,9
1659527861.616307,10
1659527861.727069,8
1659527861.835687,9
1659527861.943857,10
1659527862.050392,10
1659527862.157259,12
1659527862.263233,12
1659527862.369133,12
1659527862.476254,12
1659527862.582808,12
1659527862.688374,13
1659527862.793468,13
1659527862.904032,14
1659527863.010089,14
1659527863.119667,14
1659527863.226940,15
1659527863.333263,15
1659527863.439420,15
1659527863.546897,15
1659527863.657068,15
1659527863.764427,15
1659527863.869789,16
1659527863.981732,16
1659527864.088092,17
1659527864.197314,17
1659527864.305761,18
1659527864.411521,18
1659527864.519363,18
1659527864.626698,19
1659527864.736238,19
1659527864.842319,19
1659527864.952798,18
1659527865.083714,18
1659527865.206830,19
1659527865.312560,19
1659527865.422802,19
1659527865.528931,19
1659527865.635825,20
1659527865.743585,20
1659527865.852437,20
1659527865.962459,20
1659527866.076082,20
1659527866.187263,19
1659527866.296386,16
1659527866.402236,14
1659527866.510288,14
1659527866.618810,12
1659527866.727035,13
1659527866.832908,14
1659527866.939284,13
1659527867.049595,15
1659527867.161213,15
1659527867.274170,17
1659527867.380657,17
1659527867.487508,17
1659527867.594992,17
1659527867.703073,18
1659527867.809431,18
1659527867.921317,19
1659527868.033187,19
1659527868.143459,19
1659527868.257036,20
1659527868.362938,20
1659527868.476507,19
1659527868.589696,20
1659527868.697673,20
1659527868.803787,19
1659527868.911450,20
1659527869.022588,18
1659527869.134104,20
1659527869.240191,16
1659527869.348575,16
1659527869.462034,16
1659527869.576558,17
1659527869.688133,17
1659527869.801478,18
1659527869.913480,18
1659527870.019434,18
1659527870.125273,18
1659527870.232131,18
1659527870.339020,18
1659527870.452024,18
1659527870.559921,20
1659527870.666243,20
1659527870.774645,20
1659527870.882725,20
1659527870.988729,19
1659527871.094330,19
1659527871.200272,15
1659527871.305989,15
1659527871.412548,14
1659527871.520820,15
1659527871.631987,15
1659527871.740960,16
1659527871.847193,17
1659527871.953196,18
1659527872.060538,18
1659527872.166186,20
1659527872.274691,20
1659527872.380919,18
1659527872.486735,18
1659527872.592824,19
1659527872.700075,19
1659527872.809561,18
1659527872.921688,18
1659527873.032187,18
1659527873.137955,19
1659527873.250898,18
1659527873.356740,17
1659527873.463284,17
1659527873.569249,18
1659527873.674897,18
1659527873.784475,19
1659527873.892766,18
1659527874.006804,18
1659527874.118914,19
1659527874.225890,19
1659527874.335073,19
1659527874.441396,19
1659527874.548730,20
1659527874.655136,19
1659527874.763320,19
1659527874.872201,20
1659527874.978307,20
1659527875.085550,17
1659527875.203111,16
1659527875.314128,15
1659527875.424650,12
1659527875.532526,12
1659527875.640800,12
1659527875.748804,14
1659527875.859217,13
1659527875.967255,13
1659527876.077314,11
1659527876.185735,11
1659527876.295348,19
1659527876.403323,18
1659527876.509230,19
1659527876.617265,19
1659527876.722778,20
1659527876.834397,20
1659527876.947062,20
1659527877.055650,20
1659527877.163266,20
1659527877.270865,19
1659527877.376515,20
1659527877.487067,20
1659527877.599831,18
1659527877.708019,19
1659527877.813987,20
1659527877.920228,19
1659527878.027473,18
1659527878.135174,12
1659527878.244122,8
1659527878.354069,10
1659527878.460011,9
1659527878.566836,6
1659527878.673360,6
1659527878.779387,7
1659527878.885404,7
1659527878.993205,7
1659527879.098615,8
1659527879.206336,8
1659527879.312175,9
1659527879.427382,10
1659527879.534865,10
1659527879.642014,11
1659527879.749260,12
1659527879.861861,12
1659527879.968755,12
1659527880.076537,12
1659527880.187927,13
1659527880.294924,13
1659527880.402632,13
1659527880.510773,14
1659527880.617573,14
1659527880.728272,14
1659527880.840087,15
1659527880.947117,15
1659527881.054585,15
1659527881.161174,15
1659527881.281028,16
1659527881.416027,16
1659527881.524911,16
1659527881.630823,17
1659527881.739138,16
1659527881.845347,16
1659527881.966676,17
1659527882.113220,18
1659527882.223279,19
1659527882.331347,19
1659527882.454676,17
1659527882.576881,18
1659527882.686941,19
1659527882.793173,19
1659527882.899400,19
1659527883.006938,20
1659527883.115901,20
1659527883.222868,19
1659527883.328704,20
1659527883.439536,20
1659527883.550392,19
1659527883.660591,20
1659527883.767260,16
1659527883.876312,14
1659527883.981735,10
1659527884.087806,10
1659527884.193607,11
1659527884.303884,11
1659527884.409843,11
1659527884.520782,12
1659527884.628397,14
1659527884.740241,15
1659527884.848970,16
1659527884.954413,16
1659527885.061055,16
1659527885.167987,16
1659527885.279498,18
1659527885.389646,17
1659527885.499861,19
1659527885.609418,19
1659527885.715659,20
1659527885.821760,20
1659527885.928950,20
1659527886.037159,20
1659527886.144373,19
1659527886.252900,18
1659527886.361331,13
1659527886.469699,12
1659527886.579147,12
1659527886.684897,13
1659527886.790435,14
1659527886.896319,14
1659527887.006303,14
1659527887.112288,14
1659527887.218323,16
1659527887.329973,16
1659527887.436368,12
1659527887.571216,9
1659527887.682034,10
1659527887.792730,16
1659527887.902647,16
1659527888.014911,15
1659527888.123112,17
1659527888.232532,17
1659527888.338188,18
1659527888.445609,17
1659527888.552037,17
1659527888.659883,19
1659527888.765495,19
1659527888.877149,20
1659527888.983585,20
1659527889.091724,20
1659527889.200226,20
1659527889.305827,20
1659527889.420953,19
1659527889.543726,17
1659527889.667238,17
1659527889.775816,13
1659527889.882138,10
1659527889.992341,9
1659527890.104036,15
1659527890.215991,14
1659527890.324115,15
1659527890.435920,15
1659527890.542560,17
1659527890.648844,17
1659527890.760508,17
1659527890.867967,17
1659527890.976653,19
1659527891.082970,18
1659527891.192779,20
1659527891.300414,19
1659527891.406320,19
1659527891.512810,19
1659527891.620177,19
1659527891.725820,19
1659527891.832240,19
1659527891.942169,20
1659527892.052128,20
1659527892.156997,17
1659527892.264113,12
1659527892.371698,10
1659527892.483923,7
1659527892.594047,8
1659527892.703495,8
1659527892.814658,8
1659527892.923327,9
1659527893.028708,10
1659527893.134366,10
1659527893.244368,10
1659527893.354312,10
1659527893.481682,10
1659527893.616079,11
1659527893.723611,12
1659527893.829963,13
1659527893.939888,13
1659527894.072195,13
1659527894.183526,13
1659527894.290899,14
1659527894.396146,13
1659527894.504045,15
1659527894.609918,14
1659527894.720892,15
1659527894.845329,16
1659527894.954671,16
1659527895.069318,16
1659527895.175327,17
1659527895.281553,17
1659527895.395826,16
1659527895.506748,17
1659527895.622724,17
1659527895.731713,17
1659527895.838443,16
1659527895.944919,19
1659527896.058906,19
1659527896.182399,19
1659527896.287699,20
1659527896.396673,20
1659527896.503653,20
1659527896.609633,20
1659527896.716132,20
1659527896.821578,20
1659527896.927379,20
1659527897.037729,19
1659527897.154909,19
1659527897.277310,19
1659527897.398088,18
1659527897.505880,13
1659527897.619762,17
1659527897.725798,18
1659527897.837222,17
1659527897.943639,19
1659527898.049855,20
1659527898.155707,18
1659527898.270908,19
1659527898.391007,20
1659527898.496521,19
1659527898.606347,20
1659527898.713486,20
1659527898.826155,20
1659527898.932781,20
1659527899.040030,20
1659527899.149451,20
1659527899.258092,20
1659527899.379286,19
1659527899.493420,19
1659527899.600316,17
1659527899.716856,14
1659527899.838643,15
1659527899.945591,14
1659527900.057496,14
1659527900.166961,13
1659527900.278244,10
1659527900.405415,10
1659527900.520627,10
1659527900.709979,18
1659527900.822830,18
1659527900.937359,18
1659527901.046076,18
1659527901.159256,18
1659527901.271729,19
1659527901.383747,19
1659527901.490702,19
1659527901.597401,19
1659527901.704408,19
1659527901.820342,19
1659527901.933275,19
1659527902.047234,20
1659527902.156124,20
1659527902.262086,19
1659527902.374298,18
1659527902.487476,15
1659527902.594212,15
1659527902.702653,14
1659527902.812746,15
1659527902.919672,15
1659527903.026786,16
1659527903.134892,16
1659527903.247278,16
1659527903.353204,17
1659527903.481593,12
1659527903.588056,12
1659527903.693841,17
1659527903.806313,19
1659527903.917328,17
1659527904.026743,18
1659527904.132150,18
1659527904.238659,19
1659527904.349172,19
1659527904.465569,19
1659527904.578139,20
1659527904.684932,20
1659527904.796021,20
1659527904.904629,20
1659527905.018480,20
1659527905.128387,19
1659527905.235403,20
1659527905.341534,20
1659527905.449775,19
1659527905.559898,19
1659527905.666850,19
1659527905.772330,19
1659527905.879992,15
1659527905.986454,9
1659527906.092256,10
1659527906.199763,9
1659527906.310301,9
1659527906.419853,10
1659527906.530154,11
1659527906.638924,11
1659527906.744856,11
1659527906.850882,11
1659527906.963113,12
1659527907.068580,12
1659527907.175935,12
1659527907.290317,13
1659527907.396412,13
1659527907.504210,13
1659527907.614131,14
1659527907.721413,14
1659527907.831913,14
1659527907.941129,15
1659527908.046315,15
1659527908.152210,15
1659527908.258821,15
1659527908.365480,15
1659527908.472133,17
1659527908.584458,16
1659527908.697775,17
1659527908.803255,18
1659527908.908725,18
1659527909.014085,18
1659527909.129439,18
1659527909.236251,17
1659527909.342434,18
1659527909.456624,18
1659527909.564043,18
1659527909.673298,18
1659527909.780822,18
1659527909.887940,19
1659527909.993567,19
1659527910.100385,19
1659527910.206291,20
1659527910.312841,20
1659527910.420900,20
1659527910.526965,20
1659527910.633283,20
1659527910.744359,20
1659527910.853192,20
1659527910.961769,20
1659527911.084560,20
1659527911.194557,19
1659527911.301446,17
1659527911.408520,15
1659527911.515081,15
1659527911.620888,15
1659527911.726860,16
1659527911.834677,17
1659527911.940549,16
1659527912.047239,16
1659527912.152284,17
1659527912.259489,18
1659527912.365865,18
1659527912.472867,18
1659527912.579304,19
1659527912.684849,20
1659527912.791549,19
1659527912.898882,19
1659527913.005498,20
1659527913.111168,20
1659527913.217908,20
1659527913.327321,20
1659527913.440059,20
1659527913.553156,20
1659527913.658872,20
1659527913.765075,18
1659527913.872349,17
1659527913.978692,15
1659527914.083983,12
1659527914.189070,12
1659527914.295236,13
1659527914.401287,15
1659527914.514197,15
1659527914.619638,14
1659527914.725359,17
1659527914.832227,17
1659527914.937848,15
1659527915.044086,14
1659527915.150313,13
1659527915.256080,14
1659527915.362963,19
1659527915.469167,20
1659527915.575628,20
1659527915.684661,20
1659527915.792421,20
1659527915.898595,19
1659527916.004629,19
1659527916.115149,19
1659527916.225869,19
1659527916.334212,17
1659527916.441141,19
1659527916.551847,19
1659527916.664267,18
1659527916.771176,18
1659527916.883886,16
1659527916.990424,18
1659527917.096893,18
1659527917.204381,18
1659527917.310200,18
1659527917.416484,17
1659527917.524437,12
1659527917.647059,10
1659527917.753541,12
1659527917.860868,17
1659527917.966723,17
1659527918.074673,17
1659527918.181458,18
1659527918.292681,19
1659527918.398697,19
1659527918.504149,19
1659527918.610469,19
1659527918.717056,19
1659527918.823480,20
1659527918.929519,20
1659527919.036065,20
1659527919.170086,18
1659527919.287185,19
1659527919.395820,17
1659527919.502329,16
1659527919.611353,16
1659527919.716928,13
1659527919.826360,12
1659527919.935504,13
1659527920.043245,12
1659527920.150699,15
1659527920.268011,11
1659527920.374670,10
1659527920.487414,9
1659527920.596301,11
1659527920.702976,11
1659527920.809138,12
1659527920.914871,12
1659527921.024389,12
1659527921.129692,12
1659527921.239904,13
1659527921.346722,14
1659527921.452396,13
1659527921.558762,14
1659527921.666412,14
1659527921.772295,14
1659527921.880949,14
1659527921.994215,15
1659527922.099659,15
1659527922.206680,15
1659527922.312673,16
1659527922.421001,16
1659527922.527446,11
1659527922.639488,4
1659527922.746889,0
1659527922.853366,0
1659527922.958985,0
1659527923.067774,0
1659527923.175673,0
1659527923.283888,0
1659527923.389758,0
1659527923.495615,0
1659527923.600582,0
1659527923.707592,0
1659527923.813978,0
1659527923.919595,0
1659527924.025160,0
1659527924.131069,0
1659527924.236181,0
1659527924.347111,0
1659527924.452693,0
1659527924.558964,0
1659527924.669025,0
1659527924.779743,0
1659527924.886699,0
1659527924.993731,0
1659527925.100141,0
1659527925.210706,0
1659527925.320426,0
