1659528216.953912,0
1659528217.063102,5
1659528217.174987,6
1659528217.286174,6
1659528217.407623,7
1659528217.528270,6
1659528217.652120,6
1659528217.773149,11
1659528217.890639,11
1659528218.017195,11
1659528218.137930,11
1659528218.245461,18
1659528218.354030,18
1659528218.461221,22
1659528218.570694,21
1659528218.682090,25
1659528218.788721,29
1659528218.895993,30
1659528219.002958,33
1659528219.111844,33
1659528219.217771,30
1659528219.327198,33
1659528219.434444,32
1659528219.544222,28
1659528219.655064,24
1659528219.769309,18
1659528219.882583,11
1659528219.990181,10
1659528220.100194,16
1659528220.206592,17
1659528220.317468,18
1659528220.426326,18
1659528220.536369,18
1659528220.643988,18
1659528220.754342,19
1659528220.860769,17
1659528220.976136,20
1659528221.091690,20
1659528221.199465,19
1659528221.313764,16
1659528221.420647,17
1659528221.532864,10
1659528221.639534,7
1659528221.749058,15
1659528221.855895,19
1659528221.962885,19
1659528222.069059,21
1659528222.175759,21
1659528222.288280,21
1659528222.399697,19
1659528222.512283,20
1659528222.620354,20
1659528222.725952,19
1659528222.831036,20
1659528222.937572,20
1659528223.047605,18
1659528223.153559,15
1659528223.259429,20
1659528223.367236,12
1659528223.472664,8
1659528223.580311,6
1659528223.688947,5
1659528223.795921,4
1659528223.901577,4
1659528224.008068,6
1659528224.115901,6
1659528224.225850,6
1659528224.334586,7
1659528224.440686,6
1659528224.547255,7
1659528224.657293,6
1659528224.763425,6
1659528224.869198,6
1659528224.975792,6
1659528225.081609,7
1659528225.193663,7
1659528225.299320,5
1659528225.409982,6
1659528225.515313,6
1659528225.620458,7
1659528225.725655,6
1659528225.832088,7
1659528225.938837,7
1659528226.045370,7
1659528226.150937,7
1659528226.260365,7
1659528226.369742,5
1659528226.475916,7
1659528226.588601,6
1659528226.694745,7
1659528226.801270,6
1659528226.908695,5
1659528227.019593,5
1659528227.126584,3
1659528227.231854,2
1659528227.337382,5
1659528227.442637,6
1659528227.548376,8
1659528227.653511,10
1659528227.760048,10
1659528227.867202,11
1659528227.976856,11
1659528228.084422,10
1659528228.190094,10
1659528228.302297,11
1659528228.407931,9
1659528228.515017,9
1659528228.621053,9
1659528228.727986,16
1659528228.834387,18
1659528228.941495,19
1659528229.050192,26
1659528229.156314,27
1659528229.268213,28
1659528229.374321,32
1659528229.480937,30
1659528229.586007,31
1659528229.695315,32
1659528229.801791,31
1659528229.907881,24
1659528230.013963,24
1659528230.124561,18
1659528230.234321,12
1659528230.342208,9
1659528230.448614,14
1659528230.554455,17
1659528230.660534,19
1659528230.765838,23
1659528230.872250,25
1659528230.980816,25
1659528231.087819,29
1659528231.193367,30
1659528231.304373,30
1659528231.411755,32
1659528231.517309,32
1659528231.644567,25
1659528231.750288,24
1659528231.855290,19
1659528231.972116,13
1659528232.080156,15
1659528232.185983,16
1659528232.293232,16
1659528232.403185,20
1659528232.509496,23
1659528232.615288,27
1659528232.721811,27
1659528232.827273,29
1659528232.933419,30
1659528233.038931,30
1659528233.144158,30
1659528233.250607,32
1659528233.356179,30
1659528233.462357,25
1659528233.569175,26
1659528233.674288,19
1659528233.781867,12
1659528233.887604,12
1659528233.995111,7
1659528234.101615,7
1659528234.208896,6
1659528234.314836,8
1659528234.422335,6
1659528234.529178,7
1659528234.635668,7
1659528234.741515,7
1659528234.846597,9
1659528234.952105,8
1659528235.057252,8
1659528235.163066,9
1659528235.268539,9
1659528235.383605,10
1659528235.497537,8
1659528235.603521,8
1659528235.709416,9
1659528235.815082,8
1659528235.922391,8
1659528236.028304,8
1659528236.134660,9
1659528236.240697,9
1659528236.345864,9
1659528236.451200,8
1659528236.557419,8
1659528236.664410,9
1659528236.769640,9
1659528236.875259,9
1659528236.986353,10
1659528237.095263,10
1659528237.202800,11
1659528237.308994,7
1659528237.415195,3
1659528237.522355,3
1659528237.629409,4
1659528237.735337,3
1659528237.840559,5
1659528237.945815,7
1659528238.053497,6
1659528238.158577,7
1659528238.264826,8
1659528238.370327,7
1659528238.477188,7
1659528238.582480,9
1659528238.688041,8
1659528238.794708,10
1659528238.900564,12
1659528239.006743,17
1659528239.113096,20
1659528239.219069,21
1659528239.325531,24
1659528239.430732,26
1659528239.537565,28
1659528239.645201,28
1659528239.751412,31
1659528239.857082,32
1659528239.962430,32
1659528240.068130,33
1659528240.175591,33
1659528240.284120,28
1659528240.390454,27
1659528240.497734,21
1659528240.604072,16
1659528240.709976,14
1659528240.815451,10
1659528240.921594,17
1659528241.027524,18
1659528241.134097,22
1659528241.239550,25
1659528241.346400,28
1659528241.451874,29
1659528241.561769,33
1659528241.669508,34
1659528241.775925,34
1659528241.881938,34
1659528241.988895,34
1659528242.095807,36
1659528242.201428,29
1659528242.307472,25
1659528242.412617,22
1659528242.523909,17
1659528242.629923,14
1659528242.737435,11
1659528242.843942,18
1659528242.949018,16
1659528243.057585,22
1659528243.168194,23
1659528243.279768,26
1659528243.386785,29
1659528243.502676,31
1659528243.611226,33
1659528243.718188,34
1659528243.823815,34
1659528243.929998,36
1659528244.037507,34
1659528244.143050,28
1659528244.249055,24
1659528244.356836,23
1659528244.462357,19
1659528244.568280,15
1659528244.673874,9
1659528244.779885,9
1659528244.885345,9
1659528244.991557,9
1659528245.097194,8
1659528245.202095,8
1659528245.308990,11
1659528245.419249,9
1659528245.525038,10
1659528245.631941,11
1659528245.739128,10
1659528245.844800,10
1659528245.950623,11
1659528246.060012,11
1659528246.165170,10
1659528246.271033,11
1659528246.377544,11
1659528246.483240,10
1659528246.592272,10
1659528246.700322,12
1659528246.806991,12
1659528246.914807,10
1659528247.020176,11
1659528247.130391,10
1659528247.238489,10
1659528247.344273,11
1659528247.450195,10
1659528247.558656,9
1659528247.663992,5
1659528247.772775,2
1659528247.877900,2
1659528247.983343,3
1659528248.088581,4
1659528248.193909,6
1659528248.300215,8
1659528248.409017,10
1659528248.529933,10
1659528248.643022,12
1659528248.750324,11
1659528248.855924,11
1659528248.967873,12
1659528249.073589,12
1659528249.180200,11
1659528249.286279,9
1659528249.423104,8
1659528249.540783,9
1659528249.648290,9
1659528249.756696,18
1659528249.864069,17
1659528249.976990,20
1659528250.083041,22
1659528250.192981,28
1659528250.304846,26
1659528250.411814,29
1659528250.518136,30
1659528250.623692,31
1659528250.735188,32
1659528250.842823,33
1659528250.948829,29
1659528251.058816,23
1659528251.169350,24
1659528251.274468,18
1659528251.384372,13
1659528251.492778,11
1659528251.598464,16
1659528251.703947,17
1659528251.813266,19
1659528251.925108,23
1659528252.036807,26
1659528252.142154,26
1659528252.250223,28
1659528252.362165,30
1659528252.467613,30
1659528252.573738,31
1659528252.679947,31
1659528252.785466,28
1659528252.890986,26
1659528253.006133,24
1659528253.114066,17
1659528253.222138,13
1659528253.328082,10
1659528253.433998,15
1659528253.543769,18
1659528253.649703,20
1659528253.756753,26
1659528253.864700,28
1659528253.971103,27
1659528254.077516,30
1659528254.183977,31
1659528254.288724,31
1659528254.395386,31
1659528254.502394,31
1659528254.608019,27
1659528254.714258,24
1659528254.820050,21
1659528254.929842,15
1659528255.035101,11
1659528255.141594,9
1659528255.248584,9
1659528255.355203,9
1659528255.461195,8
1659528255.566877,8
1659528255.672658,8
1659528255.779638,10
1659528255.884974,9
1659528255.990296,10
1659528256.096229,10
1659528256.203085,9
1659528256.312216,8
1659528256.417349,10
1659528256.523900,9
1659528256.629312,7
1659528256.736176,9
1659528256.841437,8
1659528256.946906,8
1659528257.053698,9
1659528257.163745,8
1659528257.270755,9
1659528257.376713,8
1659528257.482749,9
1659528257.588766,8
1659528257.696065,9
1659528257.801594,11
1659528257.907229,9
1659528258.014292,4
1659528258.119935,3
1659528258.225519,3
1659528258.330987,4
1659528258.436162,4
1659528258.544567,7
1659528258.650728,8
1659528258.756236,7
1659528258.861622,8
1659528258.967403,10
1659528259.073947,9
1659528259.179293,10
1659528259.285086,10
1659528259.392213,10
1659528259.507120,10
1659528259.614140,10
1659528259.721332,11
1659528259.827247,11
1659528259.933862,12
1659528260.042425,12
1659528260.148067,12
1659528260.253658,18
1659528260.364031,17
1659528260.470080,21
1659528260.577184,23
1659528260.683979,28
1659528260.792779,30
1659528260.899552,30
1659528261.007786,32
1659528261.114243,33
1659528261.220047,35
1659528261.327635,35
1659528261.435356,35
1659528261.540985,29
1659528261.647018,22
1659528261.754597,23
1659528261.861125,19
1659528261.966587,15
1659528262.072928,15
1659528262.179104,18
1659528262.285645,16
1659528262.391748,20
1659528262.498073,22
1659528262.604186,25
1659528262.710029,29
1659528262.817890,30
1659528262.924988,30
1659528263.031029,32
1659528263.137268,33
1659528263.243980,33
1659528263.349489,34
1659528263.458752,29
1659528263.563998,23
1659528263.670135,23
1659528263.778013,18
1659528263.884207,15
1659528263.990103,15
1659528264.095628,16
1659528264.201764,17
1659528264.308230,21
1659528264.413809,22
1659528264.520365,26
1659528264.632739,29
1659528264.739367,30
1659528264.845261,34
1659528264.951202,36
1659528265.059471,37
1659528265.166651,36
1659528265.272058,35
1659528265.378303,30
1659528265.491334,23
1659528265.603315,21
1659528265.710147,19
1659528265.818902,11
1659528265.927146,13
1659528266.034272,10
1659528266.141299,10
1659528266.248301,10
1659528266.355463,9
1659528266.464170,9
1659528266.570351,9
1659528266.680586,10
1659528266.787594,10
1659528266.892986,9
1659528267.000471,10
1659528267.109220,12
1659528267.215561,10
1659528267.322556,10
1659528267.431763,11
1659528267.542109,11
1659528267.650173,12
1659528267.760852,11
1659528267.867863,11
1659528267.973422,11
1659528268.080628,11
1659528268.186975,12
1659528268.299311,4
1659528268.406023,3
1659528268.513279,3
1659528268.619001,5
1659528268.724247,7
1659528268.830108,10
1659528268.936167,11
1659528269.044842,11
1659528269.154176,12
1659528269.260492,13
1659528269.366070,12
1659528269.472046,13
1659528269.577510,13
1659528269.683303,13
1659528269.788754,13
1659528269.893883,12
1659528270.002645,12
1659528270.107760,11
1659528270.214743,10
1659528270.321076,11
1659528270.426658,10
1659528270.532453,10
1659528270.637420,11
1659528270.742527,10
1659528270.849915,11
1659528270.956608,10
1659528271.063040,16
1659528271.168698,18
1659528271.274659,22
1659528271.381252,23
1659528271.487129,28
1659528271.615121,29
1659528271.745241,31
1659528271.867771,32
1659528271.987923,35
1659528272.106378,35
1659528272.213596,36
1659528272.335601,31
1659528272.449439,25
1659528272.556151,25
1659528272.663371,19
1659528272.770290,14
1659528272.877266,12
1659528272.984243,18
1659528273.091531,17
1659528273.204819,22
1659528273.312207,23
1659528273.421452,25
1659528273.527685,30
1659528273.634210,30
1659528273.742815,33
1659528273.848602,34
1659528273.954719,35
1659528274.060905,35
1659528274.166451,36
1659528274.273354,30
1659528274.380354,26
1659528274.486374,23
1659528274.593293,20
1659528274.699316,14
1659528274.805565,9
1659528274.911471,16
1659528275.018358,17
1659528275.125794,21
1659528275.231797,23
1659528275.337229,27
1659528275.445598,27
1659528275.558865,31
1659528275.666582,32
1659528275.773108,32
1659528275.878826,31
1659528275.984366,32
1659528276.096062,32
1659528276.207933,27
1659528276.313910,24
1659528276.420779,20
1659528276.527014,14
1659528276.632613,13
1659528276.738208,9
1659528276.845287,12
1659528276.955578,6
1659528277.063589,7
1659528277.169122,6
1659528277.274681,6
1659528277.380642,9
1659528277.486650,6
1659528277.592326,8
1659528277.698102,9
1659528277.804710,8
1659528277.910044,10
1659528278.016168,9
1659528278.122468,9
1659528278.228056,12
1659528278.336983,10
1659528278.444559,10
1659528278.550254,9
1659528278.655993,4
1659528278.766178,3
1659528278.872392,4
1659528278.978675,6
1659528279.084216,8
1659528279.189536,9
1659528279.296075,11
1659528279.402046,11
1659528279.508310,12
1659528279.613605,12
1659528279.718963,12
1659528279.825531,12
1659528279.930692,12
1659528280.036746,12
1659528280.143376,13
1659528280.249923,12
1659528280.356901,10
1659528280.463768,10
1659528280.570103,10
1659528280.676767,11
1659528280.782740,11
1659528280.890199,11
1659528280.997806,11
1659528281.103771,10
1659528281.209801,10
1659528281.319936,11
1659528281.427369,11
1659528281.554401,10
1659528281.661223,11
1659528281.768818,16
1659528281.879195,17
1659528281.989180,21
1659528282.095260,20
1659528282.201247,24
1659528282.312903,29
1659528282.425072,28
1659528282.533967,33
1659528282.639943,34
1659528282.746964,35
1659528282.852827,35
1659528282.963177,37
1659528283.071525,33
1659528283.184361,30
1659528283.293229,28
1659528283.400159,22
1659528283.506701,16
1659528283.613277,14
1659528283.719455,17
1659528283.828052,17
1659528283.933356,19
1659528284.046353,22
1659528284.153683,26
1659528284.262950,28
1659528284.369306,29
1659528284.479369,33
1659528284.588838,33
1659528284.695308,35
1659528284.805118,39
1659528284.911918,37
1659528285.019933,36
1659528285.129005,30
1659528285.242471,23
1659528285.351340,22
1659528285.456750,17
1659528285.567413,15
1659528285.673109,14
1659528285.778696,19
1659528285.887319,17
1659528285.999139,18
1659528286.172880,22
1659528286.280788,24
1659528286.387649,26
1659528286.500921,27
1659528286.607797,29
1659528286.714093,31
1659528286.827043,32
1659528286.932824,33
1659528287.046377,34
1659528287.159567,33
1659528287.265612,29
1659528287.376681,28
1659528287.484061,23
1659528287.590867,16
1659528287.701873,12
1659528287.810008,11
1659528287.915269,9
1659528288.028693,7
1659528288.138679,8
1659528288.248695,6
1659528288.358743,6
1659528288.463912,7
1659528288.574912,5
1659528288.681528,4
1659528288.787503,6
1659528288.896834,5
1659528289.003198,1
1659528289.108566,2
1659528289.213842,3
1659528289.321739,5
1659528289.428390,6
1659528289.536090,8
1659528289.642711,11
1659528289.752563,11
1659528289.862833,11
1659528289.969254,11
1659528290.082888,10
1659528290.190319,9
1659528290.295705,10
1659528290.402113,9
1659528290.507737,9
1659528290.613465,9
1659528290.723667,9
1659528290.829488,7
1659528290.936136,8
1659528291.044170,8
1659528291.152998,7
1659528291.259041,8
1659528291.365139,8
1659528291.470189,10
1659528291.576239,7
1659528291.682982,8
1659528291.788684,8
1659528291.893957,9
1659528291.999776,9
1659528292.105459,10
1659528292.211185,8
1659528292.318150,9
1659528292.424564,10
1659528292.530052,7
1659528292.652781,7
1659528292.759481,8
1659528292.864614,15
1659528292.971394,18
1659528293.076654,20
1659528293.183300,25
1659528293.292393,27
1659528293.398020,26
1659528293.504705,27
1659528293.614635,28
1659528293.720399,29
1659528293.829615,31
1659528293.944499,32
1659528294.052857,29
1659528294.161074,26
1659528294.267754,21
1659528294.375092,14
1659528294.480848,14
1659528294.587527,17
1659528294.694773,14
1659528294.805758,19
1659528294.912263,21
1659528295.021471,25
1659528295.128417,28
1659528295.236897,28
1659528295.345790,30
1659528295.453500,32
1659528295.560647,30
1659528295.667194,30
1659528295.775240,30
1659528295.883306,23
1659528295.995630,24
1659528296.103245,18
1659528296.216855,13
1659528296.333301,9
1659528296.439086,9
1659528296.549357,19
1659528296.657217,24
1659528296.764092,25
1659528296.870610,25
1659528296.977737,26
1659528297.084612,26
1659528297.191213,25
1659528297.297760,26
1659528297.404822,26
1659528297.510097,25
1659528297.621661,25
1659528297.727885,23
1659528297.833561,18
1659528297.940632,12
1659528298.046328,3
1659528298.153266,11
1659528298.258632,13
1659528298.364704,12
1659528298.470499,11
1659528298.575945,11
1659528298.681508,11
1659528298.787212,11
1659528298.894204,11
1659528299.000253,11
1659528299.108201,9
1659528299.215554,8
1659528299.322932,6
1659528299.436898,6
1659528299.543694,6
1659528299.648886,6
1659528299.756539,5
1659528299.863613,6
1659528299.969941,4
1659528300.078694,6
1659528300.190175,6
1659528300.299462,6
1659528300.406654,6
1659528300.513038,6
1659528300.620615,7
1659528300.726634,6
1659528300.832751,6
1659528300.938661,6
1659528301.050888,7
1659528301.160185,7
1659528301.267514,7
1659528301.375257,7
1659528301.481211,6
1659528301.587243,6
1659528301.693784,7
1659528301.807309,7
1659528301.912450,6
1659528302.025549,6
1659528302.134456,5
1659528302.240627,6
1659528302.348239,6
1659528302.459673,6
1659528302.569879,6
1659528302.675832,6
1659528302.783449,6
1659528302.890459,6
1659528303.026177,7
1659528303.133327,12
1659528303.240780,17
1659528303.347976,20
1659528303.461079,23
1659528303.573892,24
1659528303.682127,25
1659528303.790198,25
1659528303.897282,26
1659528304.003727,27
1659528304.112034,27
1659528304.218587,24
1659528304.331099,20
1659528304.437102,14
1659528304.547034,10
1659528304.654340,13
1659528304.765090,15
1659528304.871412,17
1659528304.980143,19
1659528305.086728,23
1659528305.192842,24
1659528305.304269,24
1659528305.411373,25
1659528305.520530,26
1659528305.630374,27
1659528305.736723,26
1659528305.843152,24
1659528305.953691,18
1659528306.065092,10
1659528306.171937,7
1659528306.284271,11
1659528306.390425,17
1659528306.497972,19
1659528306.604455,20
1659528306.711309,22
1659528306.826432,23
1659528306.931773,23
1659528307.047396,23
1659528307.156776,23
1659528307.265045,23
1659528307.377321,23
1659528307.483427,20
1659528307.592352,16
1659528307.698572,12
1659528307.804752,10
1659528307.910911,6
1659528308.019063,7
1659528308.124747,3
1659528308.231310,2
1659528308.337319,2
1659528308.444062,4
1659528308.552893,5
1659528308.661512,8
1659528308.773910,6
1659528308.881801,8
1659528308.989562,9
1659528309.096277,8
1659528309.204033,7
1659528309.316306,7
1659528309.421536,8
1659528309.530413,10
1659528309.636022,9
1659528309.743389,9
1659528309.852324,10
1659528309.959184,11
1659528310.068364,10
1659528310.175013,11
1659528310.284054,10
1659528310.389912,10
1659528310.495014,11
1659528310.600627,11
1659528310.705750,10
1659528310.812216,10
1659528310.918206,12
1659528311.023853,11
1659528311.129222,10
1659528311.235487,9
1659528311.341391,11
1659528311.447383,9
1659528311.554153,10
1659528311.660489,10
1659528311.766515,10
1659528311.880716,9
1659528311.986476,9
1659528312.093597,10
1659528312.200556,9
1659528312.307160,9
1659528312.413972,9
1659528312.520434,11
1659528312.626329,10
1659528312.731903,12
1659528312.839684,13
1659528312.946110,17
1659528313.058558,18
1659528313.172778,21
1659528313.284485,20
1659528313.390064,24
1659528313.499738,28
1659528313.605924,29
1659528313.721455,32
1659528313.826628,34
1659528313.932713,33
1659528314.041768,35
1659528314.155015,35
1659528314.262204,29
1659528314.368342,26
1659528314.474887,24
1659528314.581088,17
1659528314.687454,16
1659528314.793247,11
1659528314.899619,18
1659528315.005281,17
1659528315.111397,21
1659528315.216841,24
1659528315.323740,27
1659528315.430945,29
1659528315.537793,30
1659528315.644075,32
1659528315.750780,34
1659528315.857056,34
1659528315.964446,33
1659528316.070042,34
1659528316.175601,28
1659528316.281459,23
1659528316.386752,23
1659528316.492185,18
1659528316.598017,12
1659528316.703521,14
1659528316.810301,18
1659528316.916090,16
1659528317.022645,20
1659528317.131157,21
1659528317.239427,27
1659528317.346823,27
1659528317.454317,30
1659528317.560883,31
1659528317.666852,34
1659528317.775402,34
1659528317.881898,34
1659528317.987349,29
1659528318.093956,24
1659528318.203777,22
1659528318.308808,19
1659528318.416197,11
1659528318.523686,5
1659528318.629812,2
1659528318.739840,3
1659528318.847455,5
1659528318.953584,7
1659528319.059087,6
1659528319.166920,0
1659528319.273355,0
1659528319.379877,0
1659528319.486669,0
1659528319.592721,0
1659528319.699363,0
1659528319.805733,0
1659528319.912467,0
1659528320.017685,0
1659528320.125338,0
1659528320.236312,0
1659528320.344293,0
1659528320.452677,0
1659528320.558711,0
1659528320.665129,0
1659528320.775777,0
1659528320.882392,0
1659528320.988890,0
1659528321.095559,0
1659528321.201357,0
1659528321.308327,0
1659528321.414804,0
1659528321.520346,0
1659528321.626431,0
1659528321.732749,0
1659528321.839408,0
1659528321.946700,0
1659528322.056507,0
1659528322.162328,0
1659528322.268369,0
1659528322.381766,0
1659528322.488515,0
1659528322.596200,0
1659528322.701626,0
1659528322.808525,0
1659528322.914964,0
1659528323.020419,0
1659528323.127714,0
1659528323.237816,0
1659528323.345303,1
