1659217141.187556,0
1659217141.295245,11
1659217141.401632,18
1659217141.514878,26
1659217141.620928,32
1659217141.727172,39
1659217141.832824,44
1659217141.938475,52
1659217142.044052,57
1659217142.150428,67
1659217142.256367,77
1659217142.361653,84
1659217142.468016,93
1659217142.575366,99
1659217142.682772,100
1659217142.789901,100
1659217142.895132,100
1659217143.002951,100
1659217143.111192,100
1659217143.217740,100
1659217143.324480,100
1659217143.430279,100
1659217143.537231,100
1659217143.643847,100
1659217143.752529,100
1659217143.859815,100
1659217143.978821,100
1659217144.085438,100
1659217144.191166,100
1659217144.299985,100
1659217144.408539,99
1659217144.514592,100
1659217144.628356,100
1659217144.734505,100
1659217144.841775,100
1659217144.948379,100
1659217145.054341,100
1659217145.160962,100
1659217145.268072,100
1659217145.375569,100
1659217145.489106,100
1659217145.598057,100
1659217145.705405,100
1659217145.810817,99
1659217145.917634,100
1659217146.024126,99
1659217146.131268,98
1659217146.237944,100
1659217146.343821,99
1659217146.449867,100
1659217146.555061,100
1659217146.661589,100
1659217146.767696,100
1659217146.873130,98
1659217146.980376,98
1659217147.087905,98
1659217147.195793,100
1659217147.301691,100
1659217147.408560,100
1659217147.513973,100
1659217147.620886,100
1659217147.727100,100
1659217147.836809,99
1659217147.942226,93
1659217148.047931,86
1659217148.154001,81
1659217148.259606,80
1659217148.365678,82
1659217148.471406,83
1659217148.578070,85
1659217148.683942,86
1659217148.789876,86
1659217148.896451,85
1659217149.003389,85
1659217149.110465,85
1659217149.218004,85
1659217149.324519,85
1659217149.431654,85
1659217149.539464,86
1659217149.645425,86
1659217149.753169,86
1659217149.860917,86
1659217149.967341,86
1659217150.074512,85
1659217150.181997,85
1659217150.288853,85
1659217150.396214,85
1659217150.501913,85
1659217150.608438,85
1659217150.718935,85
1659217150.825567,85
1659217150.931477,85
1659217151.037413,86
1659217151.142991,86
1659217151.249855,86
1659217151.356311,86
1659217151.461847,86
1659217151.567709,86
1659217151.674023,85
1659217151.779974,84
1659217151.886636,85
1659217151.991868,86
1659217152.098887,86
1659217152.205858,86
1659217152.311213,86
1659217152.418400,86
1659217152.525437,85
1659217152.631772,86
1659217152.738677,86
1659217152.844064,86
1659217152.956258,86
1659217153.061721,86
1659217153.169033,86
1659217153.274793,86
1659217153.381093,85
1659217153.489185,84
1659217153.597861,84
1659217153.703360,85
1659217153.810714,85
1659217153.916940,85
1659217154.022792,85
1659217154.128309,83
1659217154.241879,83
1659217154.354525,83
1659217154.461094,83
1659217154.566846,82
1659217154.674048,80
1659217154.780383,79
1659217154.887253,79
1659217154.998343,77
1659217155.105469,76
1659217155.212482,76
1659217155.319312,77
1659217155.425194,77
1659217155.532588,76
1659217155.643073,74
1659217155.750879,72
1659217155.858349,71
1659217155.965469,71
1659217156.071706,71
1659217156.183796,71
1659217156.346404,71
1659217156.500317,68
1659217156.606339,68
1659217156.718169,67
1659217156.829958,68
1659217156.936979,68
1659217157.051743,66
1659217157.163702,66
1659217157.271113,65
1659217157.378349,66
1659217157.486895,66
1659217157.595810,65
1659217157.702817,65
1659217157.815869,66
1659217157.929691,66
1659217158.040951,66
1659217158.148271,66
1659217158.255355,65
1659217158.372900,65
1659217158.570974,67
1659217158.693157,66
1659217158.835832,66
1659217158.949032,65
1659217159.058225,66
1659217159.166437,66
1659217159.299573,67
1659217159.409389,69
1659217159.515838,68
1659217159.622581,67
1659217159.735037,68
1659217159.843140,68
1659217159.955281,67
1659217160.062831,68
1659217160.169179,68
1659217160.277208,68
1659217160.394736,68
1659217160.503365,69
1659217160.614296,69
1659217160.883855,70
1659217161.002381,70
1659217161.115942,70
1659217161.237400,71
1659217161.352988,73
1659217161.461403,73
1659217161.568030,73
1659217161.674542,73
1659217161.781467,72
1659217161.887495,72
1659217161.998153,72
1659217162.103882,69
1659217162.213037,69
1659217162.319543,69
1659217162.425744,69
1659217162.531979,68
1659217162.640107,68
1659217162.746252,68
1659217162.851823,68
1659217162.958461,67
1659217163.063812,69
1659217163.174405,69
1659217163.282156,69
1659217163.409770,69
1659217163.515835,69
1659217163.623801,70
1659217163.730646,70
1659217163.836947,70
1659217163.943466,70
1659217164.091614,70
1659217164.210461,70
1659217164.318498,68
1659217164.431108,69
1659217164.577847,70
1659217164.683599,69
1659217164.814587,69
1659217164.926229,69
1659217165.040022,69
1659217165.163999,69
1659217165.284508,68
1659217165.392482,68
1659217165.505741,67
1659217165.617838,67
1659217165.734193,66
1659217165.840523,64
1659217165.947178,64
1659217166.055377,64
1659217166.161002,63
1659217166.272007,64
1659217166.383308,64
1659217166.494827,64
1659217166.604579,64
1659217166.710650,65
1659217166.820098,65
1659217166.929060,65
1659217167.038127,65
1659217167.145689,65
1659217167.261153,66
1659217167.374605,66
1659217167.486498,67
1659217167.597898,67
1659217167.709419,67
1659217167.818248,67
1659217167.934484,67
1659217168.064838,66
1659217168.192458,67
1659217168.319037,67
1659217168.429218,67
1659217168.580674,67
1659217168.689086,66
1659217168.798139,67
1659217168.903553,67
1659217169.011082,67
1659217169.117253,67
1659217169.245570,66
1659217169.354945,69
1659217169.460966,69
1659217169.567608,68
1659217169.675431,68
1659217169.835599,67
1659217169.976464,69
1659217170.086688,69
1659217170.193200,69
1659217170.299424,71
1659217170.405497,73
1659217170.513549,73
1659217170.619946,73
1659217170.726434,73
1659217170.858454,72
1659217171.033411,72
1659217171.215925,71
1659217171.337816,69
1659217171.467011,70
1659217171.610078,69
1659217171.728195,69
1659217171.837106,70
1659217171.943974,70
1659217172.053005,70
1659217172.164483,70
1659217172.282266,70
1659217172.395792,72
1659217172.563123,72
1659217172.670930,72
1659217172.778820,72
1659217172.886567,73
1659217172.993737,74
1659217173.102660,74
1659217173.269675,75
1659217173.407212,74
1659217173.513303,74
1659217173.623499,73
1659217173.735767,73
1659217173.858874,71
1659217173.981056,71
1659217174.094244,71
1659217174.202120,71
1659217174.309569,71
1659217174.420034,70
1659217174.526664,73
1659217174.635238,73
1659217174.742518,73
1659217174.850076,73
1659217174.957193,73
1659217175.062678,74
1659217175.172755,73
1659217175.283828,73
1659217175.397718,71
1659217175.515298,71
1659217175.630647,71
1659217175.738491,71
1659217175.847928,71
1659217175.959819,70
1659217176.067161,72
1659217176.179917,72
1659217176.294160,72
1659217176.408874,71
1659217176.514713,70
1659217176.623468,70
1659217176.732558,70
1659217176.840350,70
1659217176.947044,70
1659217177.055985,70
1659217177.164660,71
1659217177.273796,71
1659217177.388828,70
1659217177.495765,71
1659217177.610348,71
1659217177.717074,72
1659217177.822876,72
1659217177.936797,72
1659217178.050639,72
1659217178.160717,71
1659217178.266999,72
1659217178.377551,72
1659217178.483445,72
1659217178.591681,71
1659217178.700402,71
1659217178.806563,71
1659217178.912924,71
1659217179.026966,71
1659217179.134047,73
1659217179.245737,73
1659217179.352201,73
1659217179.460056,73
1659217179.569780,73
1659217179.680495,73
1659217179.791379,73
1659217179.902660,73
1659217180.014693,73
1659217180.131161,73
1659217180.276863,72
1659217180.422803,73
1659217180.530839,74
1659217180.640332,74
1659217180.752926,74
1659217180.860575,74
1659217180.966061,75
1659217181.072189,74
1659217181.184333,74
1659217181.291018,74
1659217181.396947,75
1659217181.503230,78
1659217181.609720,78
1659217181.715678,78
1659217181.822078,78
1659217181.934700,78
1659217182.042558,78
1659217182.149924,78
1659217182.264413,78
1659217182.371624,78
1659217182.477607,77
1659217182.583884,76
1659217182.691475,76
1659217182.800845,76
1659217182.906934,75
1659217183.014476,77
1659217183.121926,77
1659217183.228903,77
1659217183.334764,77
1659217183.441124,77
1659217183.548858,76
1659217183.655486,80
1659217183.762270,81
1659217183.869485,80
1659217183.976563,80
1659217184.083004,79
1659217184.190705,80
1659217184.297107,80
1659217184.408151,80
1659217184.515049,79
1659217184.624475,78
1659217184.731091,77
1659217184.837288,77
1659217184.942560,77
1659217185.049658,78
1659217185.154825,78
1659217185.261395,78
1659217185.366838,78
1659217185.472532,78
1659217185.579113,78
1659217185.686654,77
1659217185.799957,81
1659217185.911543,81
1659217186.017887,81
1659217186.123564,81
1659217186.231933,81
1659217186.339920,81
1659217186.452234,81
1659217186.562826,82
1659217186.670466,82
1659217186.776925,78
1659217186.887126,78
1659217186.992923,78
1659217187.102935,77
1659217187.209255,78
1659217187.316906,78
1659217187.423085,78
1659217187.529192,78
1659217187.638608,79
1659217187.746192,79
1659217187.854983,79
1659217187.991896,77
1659217188.098034,78
1659217188.212279,80
1659217188.322954,80
1659217188.431263,80
1659217188.538658,79
1659217188.644572,79
1659217188.753776,80
1659217188.860961,80
1659217188.966413,80
1659217189.072485,80
1659217189.180037,80
1659217189.285320,79
1659217189.391250,79
1659217189.499426,79
1659217189.605167,79
1659217189.715809,79
1659217189.825706,79
1659217189.931513,78
1659217190.037871,78
1659217190.160093,79
1659217190.266881,79
1659217190.374690,78
1659217190.485647,78
1659217190.593499,78
1659217190.714164,78
1659217190.833702,78
1659217190.945936,78
1659217191.064253,78
1659217191.173147,78
1659217191.282835,78
1659217191.393082,77
1659217191.500234,78
1659217191.636068,79
1659217191.760342,78
1659217191.879495,79
1659217191.991357,80
1659217192.107893,80
1659217192.221089,80
1659217192.330792,80
1659217192.440526,80
1659217192.554487,80
1659217192.663213,81
1659217192.770117,80
1659217192.877995,81
1659217192.984486,81
1659217193.091032,83
1659217193.197385,83
1659217193.302650,82
1659217193.411962,83
1659217193.518914,83
1659217193.626718,83
1659217193.733406,82
1659217193.839157,83
1659217193.946450,83
1659217194.052362,81
1659217194.161341,81
1659217194.300924,81
1659217194.511078,81
1659217194.644533,82
1659217194.787821,81
1659217194.900957,81
1659217195.019319,82
1659217195.130087,82
1659217195.249076,85
1659217195.356038,84
1659217195.468735,84
1659217195.574923,86
1659217195.682260,86
1659217195.790398,87
1659217195.901678,87
1659217196.010942,86
1659217196.117204,86
1659217196.224580,86
1659217196.331848,85
1659217196.439050,82
1659217196.547469,83
1659217196.670575,82
1659217196.788022,82
1659217196.902113,82
1659217197.012064,83
1659217197.133906,83
1659217197.421451,79
1659217197.534000,84
1659217197.640942,84
1659217197.746908,86
1659217197.854834,85
1659217197.961496,87
1659217198.068975,86
1659217198.175308,87
1659217198.281587,87
1659217198.387611,86
1659217198.495226,86
1659217198.602583,87
1659217198.708158,87
1659217198.818666,87
1659217198.924107,85
1659217199.031495,86
1659217199.139195,84
1659217199.245854,84
1659217199.362207,84
1659217199.467712,83
1659217199.579920,84
1659217199.699753,84
1659217199.839928,84
1659217199.951511,84
1659217200.058974,85
1659217200.166329,85
1659217200.272006,85
1659217200.384072,86
1659217200.493986,84
1659217200.602390,84
1659217200.712265,84
1659217200.823066,84
1659217200.929784,83
1659217201.039161,83
1659217201.146861,82
1659217201.255158,82
1659217201.364276,82
1659217201.476091,82
1659217201.582616,83
1659217201.693277,84
1659217201.800245,84
1659217201.907181,84
1659217202.013190,84
1659217202.121659,84
1659217202.229103,85
1659217202.336671,84
1659217202.442143,85
1659217202.547947,85
1659217202.654732,85
1659217202.762846,86
1659217202.871412,86
1659217202.978918,85
1659217203.086554,85
1659217203.294963,85
1659217203.451029,84
1659217203.559366,84
1659217203.666181,84
1659217203.772359,84
1659217203.880572,84
1659217203.987348,84
1659217204.106104,84
1659217204.217502,86
1659217204.323148,86
1659217204.436026,86
1659217204.542900,86
1659217204.697258,86
1659217204.815298,86
1659217204.929035,85
1659217205.056178,86
1659217205.170220,88
1659217205.277329,88
1659217205.385073,88
1659217205.492093,90
1659217205.599483,89
1659217205.714397,91
1659217205.834190,90
1659217205.947704,90
1659217206.055382,90
1659217206.163399,91
1659217206.270813,90
1659217206.378433,90
1659217206.487412,90
1659217206.598826,89
1659217206.735684,87
1659217206.844929,88
1659217206.956065,88
1659217207.066569,88
1659217207.182055,88
1659217207.297892,88
1659217207.409039,88
1659217207.520239,88
1659217207.631142,88
1659217207.737570,88
1659217207.843451,90
1659217207.949941,89
1659217208.060170,92
1659217208.166490,91
1659217208.272832,90
1659217208.380672,92
1659217208.486681,90
1659217208.593126,91
1659217208.717901,89
1659217208.831094,91
1659217208.957943,91
1659217209.073081,88
1659217209.182288,90
1659217209.293263,87
1659217209.409572,88
1659217209.518476,89
1659217209.626214,90
1659217209.735915,90
1659217209.851164,91
1659217209.957160,91
1659217210.071814,90
1659217210.183933,90
1659217210.290308,91
1659217210.396602,93
1659217210.506433,93
1659217210.617812,93
1659217210.724996,94
1659217210.831066,93
1659217210.942543,91
1659217211.055354,93
1659217211.177078,91
1659217211.285468,91
1659217211.393036,92
1659217211.498920,93
1659217211.610836,90
1659217211.718621,90
1659217211.824157,89
1659217211.934411,89
1659217212.041213,89
1659217212.147291,89
1659217212.256204,89
1659217212.365293,89
1659217212.471637,89
1659217212.578224,89
1659217212.685084,89
1659217212.791089,89
1659217212.897696,89
1659217213.004799,89
1659217213.111212,87
1659217213.220021,88
1659217213.332016,90
1659217213.440641,88
1659217213.548134,89
1659217213.654503,90
1659217213.764165,89
1659217213.871305,89
1659217213.984149,89
1659217214.094263,90
1659217214.202667,90
1659217214.315484,89
1659217214.421251,90
1659217214.557431,91
1659217214.671339,91
1659217214.780172,91
1659217214.888593,90
1659217214.996362,90
1659217215.104080,89
1659217215.210464,90
1659217215.330668,89
1659217215.436277,90
1659217215.544014,90
1659217215.659508,89
1659217215.767923,91
1659217215.875006,91
1659217216.002351,91
1659217216.112096,91
1659217216.219394,92
1659217216.326389,92
1659217216.431993,91
1659217216.545693,91
1659217216.652233,92
1659217216.761355,91
1659217216.867265,92
1659217216.974523,93
1659217217.081784,93
1659217217.189539,91
1659217217.296005,91
1659217217.402045,91
1659217217.514319,91
1659217217.620541,90
1659217217.727926,91
1659217217.833931,91
1659217217.942249,93
1659217218.048324,93
1659217218.153618,95
1659217218.260703,95
1659217218.373330,95
1659217218.482226,96
1659217218.588242,96
1659217218.694513,96
1659217218.803834,96
1659217218.910915,97
1659217219.023421,96
1659217219.131468,95
1659217219.238291,94
1659217219.344381,94
1659217219.450679,92
1659217219.560284,92
1659217219.666275,93
1659217219.772480,93
1659217219.878245,93
1659217219.984391,93
1659217220.091836,93
1659217220.204215,93
1659217220.320479,93
1659217220.426775,93
1659217220.535952,95
1659217220.644247,95
1659217220.751400,96
1659217220.860553,95
1659217220.974015,97
1659217221.082896,97
1659217221.193556,98
1659217221.304432,97
1659217221.411122,98
1659217221.517745,99
1659217221.627531,99
1659217221.733707,98
1659217221.841737,95
1659217221.949024,95
1659217222.106643,94
1659217222.230506,94
1659217222.344889,96
1659217222.451832,95
1659217222.560331,95
1659217222.667583,95
1659217222.782050,95
1659217222.898068,95
1659217223.005757,95
1659217223.117510,95
1659217223.228835,97
1659217223.336630,97
1659217223.442335,95
1659217223.552296,97
1659217223.659386,97
1659217223.767074,97
1659217223.882269,100
1659217223.990051,100
1659217224.099486,99
1659217224.212137,99
1659217224.318333,100
1659217224.431331,99
1659217224.573751,99
1659217224.713108,99
1659217224.820148,99
1659217224.931467,97
1659217225.039525,95
1659217225.145932,97
1659217225.251536,95
1659217225.357741,96
1659217225.463232,96
1659217225.570112,96
1659217225.676918,96
1659217225.787652,96
1659217225.894718,96
1659217226.002097,95
1659217226.109646,95
1659217226.220013,95
1659217226.329387,94
1659217226.435538,94
1659217226.544343,94
1659217226.655685,95
1659217226.767367,92
1659217226.880209,94
1659217226.998980,94
1659217227.111938,95
1659217227.217616,94
1659217227.330399,95
1659217227.442953,95
1659217227.634783,93
1659217227.745938,94
1659217227.867635,95
1659217227.983107,95
1659217228.105915,96
1659217228.232767,96
1659217228.352036,95
1659217228.468201,96
1659217228.575275,95
1659217228.686359,95
1659217228.793629,95
1659217228.900014,96
1659217229.031153,95
1659217229.143601,96
1659217229.256272,96
1659217229.365360,96
1659217229.479920,96
1659217229.594048,95
1659217229.701452,96
1659217229.809528,96
1659217229.916753,94
1659217230.023214,96
1659217230.132314,96
1659217230.239197,96
1659217230.345628,96
1659217230.459245,97
1659217230.571600,97
1659217230.688283,97
1659217230.793928,97
1659217230.900714,96
1659217231.008045,99
1659217231.122150,99
1659217231.229732,99
1659217231.355354,99
1659217231.460939,100
1659217231.580815,99
1659217231.691894,99
1659217231.798413,99
1659217231.904341,99
1659217232.011731,100
1659217232.121942,100
1659217232.228709,99
1659217232.342036,100
1659217232.449300,98
1659217232.555581,97
1659217232.665975,98
1659217232.776194,96
1659217232.890268,95
1659217232.996549,95
1659217233.114975,96
1659217233.222728,96
1659217233.330023,95
1659217233.436174,97
1659217233.549591,96
1659217233.657097,97
1659217233.767497,96
1659217233.872977,97
1659217233.979921,97
1659217234.087652,98
1659217234.197552,98
1659217234.304402,98
1659217234.411332,98
1659217234.518153,98
1659217234.623898,98
1659217234.730928,98
1659217234.837708,98
1659217234.943614,99
1659217235.050853,98
1659217235.156793,97
1659217235.263227,98
1659217235.369483,98
1659217235.475936,98
1659217235.585990,97
1659217235.692148,98
1659217235.798736,99
1659217235.904309,98
1659217236.010619,99
1659217236.117832,99
1659217236.223856,100
1659217236.330571,100
1659217236.436140,99
1659217236.542316,100
1659217236.649773,100
1659217236.756230,100
1659217236.862788,100
1659217236.973486,99
1659217237.090748,99
1659217237.217625,100
1659217237.325085,99
1659217237.435539,100
1659217237.542072,100
1659217237.649155,100
1659217237.755440,100
1659217237.861283,100
1659217237.969617,100
1659217238.076784,100
1659217238.188757,100
1659217238.298891,99
1659217238.404588,100
1659217238.510874,100
1659217238.616282,100
1659217238.722318,99
1659217238.827866,100
1659217238.933524,100
1659217239.040262,99
1659217239.150780,99
1659217239.261461,98
1659217239.371129,98
1659217239.477731,98
1659217239.586625,97
1659217239.696662,96
1659217239.801842,96
1659217239.909630,96
1659217240.014962,96
1659217240.120735,94
1659217240.230278,95
1659217240.341530,94
1659217240.447631,93
1659217240.573989,91
1659217240.680023,88
1659217240.787536,85
1659217240.894193,79
1659217241.000925,74
1659217241.106966,69
1659217241.214206,66
1659217241.320369,61
1659217241.425855,56
1659217241.532530,54
1659217241.640203,51
1659217241.747358,51
1659217241.853941,50
1659217241.964533,50
1659217242.070775,50
1659217242.177113,51
1659217242.283808,51
1659217242.391217,51
1659217242.499274,50
1659217242.606259,51
1659217242.714243,50
1659217242.820250,50
1659217242.925510,51
1659217243.031215,50
1659217243.136953,51
1659217243.242654,51
1659217243.348808,50
1659217243.455108,52
1659217243.561167,50
1659217243.670408,43
1659217243.777117,36
1659217243.886275,30
1659217243.996337,23
1659217244.104837,17
1659217244.213297,11
1659217244.320530,0
1659217244.428841,0
1659217244.535661,0
1659217244.643049,0
1659217244.765433,0
1659217244.895159,0
1659217245.001361,0
1659217245.106941,0
1659217245.232859,0
1659217245.355382,0
1659217245.461018,0
1659217245.578219,0
1659217245.685109,0
1659217245.799323,0
1659217245.931311,0
1659217246.037698,0
1659217246.143988,0
1659217246.249997,0
1659217246.355695,0
1659217246.462325,0
1659217246.569998,0
1659217246.676982,0
1659217246.785572,0
1659217246.891778,0
1659217246.997696,0
1659217247.106583,0
1659217247.212578,0
1659217247.321958,0
1659217247.432967,0
1659217247.549469,0
1659217247.655944,0
1659217247.762228,0
1659217247.870237,0
1659217247.976284,0
1659217248.089415,0
1659217248.204387,0
1659217248.315897,0
1659217248.422275,0
1659217248.529914,0
1659217248.635161,0
1659217248.741333,0
1659217248.846613,0
1659217248.959171,0
1659217249.070634,0
1659217249.176988,0
