1659476457.119322,0
1659476457.227750,12
1659476457.333905,18
1659476457.439712,28
1659476457.550136,35
1659476457.656315,41
1659476457.761697,47
1659476457.872531,52
1659476457.984652,60
1659476458.092680,66
1659476458.198403,77
1659476458.305282,85
1659476458.410858,93
1659476458.516303,100
1659476458.623724,100
1659476458.729752,100
1659476458.835373,100
1659476458.940821,100
1659476459.047798,100
1659476459.153513,100
1659476459.259799,100
1659476459.366255,100
1659476459.472111,100
1659476459.580558,100
1659476459.689248,100
1659476459.800703,100
1659476459.906925,99
1659476460.013990,100
1659476460.120785,100
1659476460.225792,100
1659476460.332111,100
1659476460.439090,100
1659476460.553353,100
1659476460.701476,100
1659476460.809003,100
1659476460.921055,100
1659476461.026965,99
1659476461.135641,100
1659476461.242960,99
1659476461.353263,100
1659476461.462652,100
1659476461.571583,99
1659476461.682761,100
1659476461.796861,100
1659476461.902054,99
1659476462.012074,100
1659476462.122682,99
1659476462.228662,100
1659476462.334256,100
1659476462.440706,99
1659476462.548094,99
1659476462.656514,99
1659476462.762408,100
1659476462.874429,100
1659476462.982173,100
1659476463.092345,100
1659476463.198233,100
1659476463.309111,99
1659476463.414939,98
1659476463.526073,99
1659476463.633956,91
1659476463.745875,87
1659476463.853392,83
1659476463.971394,82
1659476464.084957,83
1659476464.192712,84
1659476464.299175,83
1659476464.407960,83
1659476464.515458,83
1659476464.621560,83
1659476464.728220,83
1659476464.834601,82
1659476464.947368,81
1659476465.053875,80
1659476465.160717,78
1659476465.270317,78
1659476465.379032,79
1659476465.487440,79
1659476465.594481,79
1659476465.702656,77
1659476465.812146,78
1659476465.918389,78
1659476466.024883,79
1659476466.132286,79
1659476466.241810,79
1659476466.352891,77
1659476466.460680,74
1659476466.569472,74
1659476466.676268,74
1659476466.783234,74
1659476466.893271,74
1659476466.999733,71
1659476467.106648,70
1659476467.212307,68
1659476467.318865,68
1659476467.431704,68
1659476467.543122,68
1659476467.649538,68
1659476467.760146,68
1659476467.870960,68
1659476467.978114,68
1659476468.085871,67
1659476468.193468,68
1659476468.302252,70
1659476468.410934,70
1659476468.517493,70
1659476468.623068,69
1659476468.730073,69
1659476468.836339,69
1659476468.941792,69
1659476469.048619,70
1659476469.154621,70
1659476469.260932,70
1659476469.368143,70
1659476469.478518,70
1659476469.588621,70
1659476469.707201,70
1659476469.814087,70
1659476469.928469,70
1659476470.041495,70
1659476470.150129,71
1659476470.255958,71
1659476470.361627,71
1659476470.471359,71
1659476470.577086,71
1659476470.682423,71
1659476470.789406,70
1659476470.902010,69
1659476471.011092,70
1659476471.117509,70
1659476471.225097,70
1659476471.335265,70
1659476471.442179,70
1659476471.549598,71
1659476471.655643,71
1659476471.762757,69
1659476471.870259,69
1659476471.976806,69
1659476472.085454,68
1659476472.191990,69
1659476472.298610,69
1659476472.406968,68
1659476472.522036,70
1659476472.635595,70
1659476472.743320,70
1659476472.849136,70
1659476472.955828,70
1659476473.065157,70
1659476473.176306,70
1659476473.282542,70
1659476473.388457,71
1659476473.496875,72
1659476473.618312,70
1659476473.732116,71
1659476473.839118,71
1659476473.950764,72
1659476474.066822,72
1659476474.174328,74
1659476474.281885,74
1659476474.392516,74
1659476474.503478,74
1659476474.612622,74
1659476474.722572,74
1659476474.833052,74
1659476474.939747,74
1659476475.047204,75
1659476475.160028,74
1659476475.266099,75
1659476475.375365,74
1659476475.481305,74
1659476475.591139,74
1659476475.699750,74
1659476475.807958,75
1659476475.917502,74
1659476476.030762,76
1659476476.138285,76
1659476476.247261,76
1659476476.362380,75
1659476476.478324,74
1659476476.584604,74
1659476476.692012,75
1659476476.804787,75
1659476476.911645,75
1659476477.052428,76
1659476477.170807,76
1659476477.283562,76
1659476477.393453,76
1659476477.502715,76
1659476477.612637,76
1659476477.718954,76
1659476477.836164,75
1659476477.948748,72
1659476478.054323,70
1659476478.161954,70
1659476478.271405,70
1659476478.387167,71
1659476478.497942,71
1659476478.610025,70
1659476478.716434,71
1659476478.826491,67
1659476478.938864,69
1659476479.045385,68
1659476479.150887,69
1659476479.257231,69
1659476479.363396,69
1659476479.469456,69
1659476479.577242,69
1659476479.684342,68
1659476479.790869,74
1659476479.899460,74
1659476480.010079,74
1659476480.116117,74
1659476480.223370,73
1659476480.330428,73
1659476480.437135,72
1659476480.543422,75
1659476480.651634,75
1659476480.757590,75
1659476480.864382,75
1659476480.970948,75
1659476481.078103,75
1659476481.185015,74
1659476481.291241,74
1659476481.398385,74
1659476481.507548,74
1659476481.617155,75
1659476481.725327,75
1659476481.835021,75
1659476481.942230,75
1659476482.049266,74
1659476482.155417,75
1659476482.260783,75
1659476482.366954,75
1659476482.473034,75
1659476482.581817,75
1659476482.690186,76
1659476482.797594,77
1659476482.904360,77
1659476483.010983,77
1659476483.119981,77
1659476483.231546,77
1659476483.342525,77
1659476483.450148,77
1659476483.556801,77
1659476483.662730,77
1659476483.769676,77
1659476483.875251,77
1659476483.984198,77
1659476484.090806,77
1659476484.196882,77
1659476484.303397,76
1659476484.409801,76
1659476484.516389,76
1659476484.623047,77
1659476484.729425,78
1659476484.840869,79
1659476484.948569,79
1659476485.058733,78
1659476485.169439,79
1659476485.275379,79
1659476485.388781,79
1659476485.501563,79
1659476485.608218,79
1659476485.715668,79
1659476485.822421,79
1659476485.942072,79
1659476486.074187,79
1659476486.179730,79
1659476486.292639,80
1659476486.403332,80
1659476486.514047,80
1659476486.622115,80
1659476486.729599,81
1659476486.835870,82
1659476486.942539,82
1659476487.051505,83
1659476487.162364,83
1659476487.270082,83
1659476487.376422,82
1659476487.481981,82
1659476487.590616,82
1659476487.695893,82
1659476487.801404,80
1659476487.907830,80
1659476488.013497,80
1659476488.122850,80
1659476488.228828,80
1659476488.334849,80
1659476488.441539,80
1659476488.546995,80
1659476488.653439,81
1659476488.765771,76
1659476488.873056,76
1659476488.980167,77
1659476489.085977,77
1659476489.199494,76
1659476489.307616,77
1659476489.416813,77
1659476489.523399,76
1659476489.633529,76
1659476489.739809,73
1659476489.845900,79
1659476489.956353,79
1659476490.071711,79
1659476490.182965,80
1659476490.288535,80
1659476490.402235,80
1659476490.516024,80
1659476490.622382,79
1659476490.736390,79
1659476490.842041,80
1659476490.947365,80
1659476491.056980,80
1659476491.169148,80
1659476491.280115,80
1659476491.392062,79
1659476491.506361,79
1659476491.612696,80
1659476491.730426,81
1659476491.844046,81
1659476491.958125,82
1659476492.071745,81
1659476492.178105,81
1659476492.283150,81
1659476492.391508,81
1659476492.502110,81
1659476492.609160,81
1659476492.715588,82
1659476492.828550,82
1659476492.934793,82
1659476493.042943,82
1659476493.152336,82
1659476493.261204,82
1659476493.373561,82
1659476493.480879,83
1659476493.589140,83
1659476493.699551,83
1659476493.808013,83
1659476493.922827,83
1659476494.028886,84
1659476494.138865,84
1659476494.244438,84
1659476494.353805,84
1659476494.461458,83
1659476494.573697,83
1659476494.679800,83
1659476494.787719,84
1659476494.893187,85
1659476495.002437,85
1659476495.109426,86
1659476495.215761,86
1659476495.331164,86
1659476495.438329,85
1659476495.544159,85
1659476495.651597,85
1659476495.763562,85
1659476495.870618,85
1659476495.979040,85
1659476496.091916,84
1659476496.198582,83
1659476496.304407,85
1659476496.411231,84
1659476496.518412,84
1659476496.625055,84
1659476496.732396,84
1659476496.839114,85
1659476496.946320,85
1659476497.053284,85
1659476497.160297,86
1659476497.267571,85
1659476497.375105,84
1659476497.488247,86
1659476497.594127,86
1659476497.700697,86
1659476497.806918,86
1659476497.912488,86
1659476498.020608,86
1659476498.127712,85
1659476498.234375,86
1659476498.339818,86
1659476498.447130,86
1659476498.561581,85
1659476498.672812,85
1659476498.779311,85
1659476498.886060,85
1659476498.992025,85
1659476499.097789,85
1659476499.211114,85
1659476499.318999,86
1659476499.425604,86
1659476499.531960,80
1659476499.643672,79
1659476499.751320,79
1659476499.866232,79
1659476499.976310,79
1659476500.090503,79
1659476500.196466,79
1659476500.302281,79
1659476500.408751,79
1659476500.519298,79
1659476500.632108,78
1659476500.748027,77
1659476500.854707,77
1659476500.965788,77
1659476501.075632,77
1659476501.181252,77
1659476501.294862,77
1659476501.401504,77
1659476501.507777,77
1659476501.613236,77
1659476501.721779,78
1659476501.827137,78
1659476501.935032,77
1659476502.043044,78
1659476502.149928,78
1659476502.262867,78
1659476502.374155,78
1659476502.480707,77
1659476502.590076,78
1659476502.696315,78
1659476502.810834,78
1659476502.916606,78
1659476503.027001,78
1659476503.132667,78
1659476503.238494,78
1659476503.344503,78
1659476503.452550,78
1659476503.558367,78
1659476503.667920,78
1659476503.781580,78
1659476503.892327,78
1659476503.998993,79
1659476504.108992,79
1659476504.216751,79
1659476504.327919,78
1659476504.439027,78
1659476504.552733,77
1659476504.678682,78
1659476504.786309,79
1659476504.892666,78
1659476504.999565,79
1659476505.111760,78
1659476505.218677,80
1659476505.324782,79
1659476505.432506,78
1659476505.539279,78
1659476505.650835,78
1659476505.759242,79
1659476505.868017,86
1659476505.978595,85
1659476506.092687,85
1659476506.199371,85
1659476506.307435,84
1659476506.421629,84
1659476506.532570,84
1659476506.646108,85
1659476506.765204,86
1659476506.871657,84
1659476506.983422,85
1659476507.091790,85
1659476507.197629,85
1659476507.308255,85
1659476507.420333,84
1659476507.530707,84
1659476507.639502,83
1659476507.746236,84
1659476507.863066,85
1659476507.977403,85
1659476508.088226,86
1659476508.195201,87
1659476508.305439,87
1659476508.418005,87
1659476508.547091,86
1659476508.673920,86
1659476508.781079,86
1659476508.887636,86
1659476508.994031,86
1659476509.106439,86
1659476509.212634,86
1659476509.321505,86
1659476509.430211,86
1659476509.543660,87
1659476509.654693,86
1659476509.761591,87
1659476509.872868,87
1659476509.981135,87
1659476510.093274,87
1659476510.210453,88
1659476510.318095,88
1659476510.425597,86
1659476510.534150,87
1659476510.639846,87
1659476510.745986,87
1659476510.862715,87
1659476510.972432,88
1659476511.081428,88
1659476511.190773,88
1659476511.301927,88
1659476511.412597,88
1659476511.526240,88
1659476511.635416,87
1659476511.741797,89
1659476511.856146,88
1659476511.968972,89
1659476512.084946,88
1659476512.191315,89
1659476512.307226,89
1659476512.420349,89
1659476512.529675,88
1659476512.640027,90
1659476512.790472,91
1659476512.918160,91
1659476513.024052,91
1659476513.139258,91
1659476513.244568,91
1659476513.351725,90
1659476513.460088,90
1659476513.568637,91
1659476513.678240,91
1659476513.784874,91
1659476513.892171,92
1659476514.001988,90
1659476514.108367,91
1659476514.214523,91
1659476514.320872,92
1659476514.427654,92
1659476514.534204,92
1659476514.640781,92
1659476514.751544,91
1659476514.857954,91
1659476514.963506,91
1659476515.070636,91
1659476515.177238,91
1659476515.286935,92
1659476515.393887,93
1659476515.501130,92
1659476515.608024,91
1659476515.715098,91
1659476515.821940,91
1659476515.927700,92
1659476516.033689,92
1659476516.140483,92
1659476516.247740,91
1659476516.353162,91
1659476516.460244,91
1659476516.570153,89
1659476516.686818,84
1659476516.795262,85
1659476516.901163,85
1659476517.009588,85
1659476517.115514,87
1659476517.226545,86
1659476517.335427,87
1659476517.441153,87
1659476517.548365,87
1659476517.654172,87
1659476517.766796,89
1659476517.873688,93
1659476517.981534,93
1659476518.089889,93
1659476518.195773,93
1659476518.302739,93
1659476518.409106,92
1659476518.519297,92
1659476518.625643,92
1659476518.734700,93
1659476518.845307,93
1659476518.955239,92
1659476519.061966,90
1659476519.172485,90
1659476519.280424,90
1659476519.399559,91
1659476519.507244,90
1659476519.613264,90
1659476519.723883,91
1659476519.831148,90
1659476519.938673,90
1659476520.051121,90
1659476520.159341,91
1659476520.267225,90
1659476520.378486,92
1659476520.487797,91
1659476520.595531,93
1659476520.702868,93
1659476520.811551,92
1659476520.918800,92
1659476521.027327,92
1659476521.139700,92
1659476521.253560,92
1659476521.360311,92
1659476521.466500,92
1659476521.610257,92
1659476521.749522,94
1659476521.876139,92
1659476522.005055,93
1659476522.120004,93
1659476522.230061,92
1659476522.335359,92
1659476522.445524,92
1659476522.553740,93
1659476522.660557,92
1659476522.769740,93
1659476522.876890,94
1659476522.986704,93
1659476523.094645,94
1659476523.202772,94
1659476523.310499,94
1659476523.418149,95
1659476523.524890,95
1659476523.636998,94
1659476523.745667,95
1659476523.854058,95
1659476523.961943,94
1659476524.069845,95
1659476524.177167,97
1659476524.283270,95
1659476524.394719,96
1659476524.502863,96
1659476524.610570,96
1659476524.720136,95
1659476524.831449,95
1659476524.944294,95
1659476525.050929,95
1659476525.158831,95
1659476525.264576,96
1659476525.370411,96
1659476525.477407,96
1659476525.583158,96
1659476525.690016,96
1659476525.795914,95
1659476525.904326,96
1659476526.012829,95
1659476526.123864,96
1659476526.235839,96
1659476526.341623,96
1659476526.450503,96
1659476526.556516,96
1659476526.664279,95
1659476526.772436,96
1659476526.883370,97
1659476526.993491,98
1659476527.102714,97
1659476527.215581,97
1659476527.391832,98
1659476527.499510,96
1659476527.610843,96
1659476527.733982,98
1659476527.870340,97
1659476527.982823,98
1659476528.094684,97
1659476528.200665,96
1659476528.306564,97
1659476528.412868,97
1659476528.520792,97
1659476528.626690,97
1659476528.739180,97
1659476528.851184,98
1659476528.959760,98
1659476529.065851,97
1659476529.172064,97
1659476529.278342,97
1659476529.398325,98
1659476529.533875,91
1659476529.656551,92
1659476529.784277,91
1659476529.892822,92
1659476530.001468,91
1659476530.117283,91
1659476530.223054,92
1659476530.329817,91
1659476530.434971,91
1659476530.540606,92
1659476530.649535,93
1659476530.804624,91
1659476530.924139,97
1659476531.037434,98
1659476531.152766,98
1659476531.263933,98
1659476531.369601,98
1659476531.481748,99
1659476531.589087,99
1659476531.695877,99
1659476531.848963,96
1659476531.968530,96
1659476532.082771,96
1659476532.197746,96
1659476532.314192,95
1659476532.422512,96
1659476532.529804,97
1659476532.635611,96
1659476532.740906,96
1659476532.849223,97
1659476532.954641,96
1659476533.062937,95
1659476533.177946,97
1659476533.283523,97
1659476533.392524,97
1659476533.503869,98
1659476533.615045,98
1659476533.720205,98
1659476533.832916,98
1659476533.944557,98
1659476534.050586,98
1659476534.155767,98
1659476534.269474,97
1659476534.376285,97
1659476534.491488,97
1659476534.615398,98
1659476534.721813,99
1659476534.832362,99
1659476534.948608,99
1659476535.065012,98
1659476535.171370,98
1659476535.286374,99
1659476535.394061,98
1659476535.499812,98
1659476535.607361,99
1659476535.714749,98
1659476535.822512,97
1659476535.935117,98
1659476536.045662,98
1659476536.152063,98
1659476536.263437,99
1659476536.373461,98
1659476536.482149,99
1659476536.590011,99
1659476536.700207,99
1659476536.808057,99
1659476536.919279,99
1659476537.034153,99
1659476537.150662,99
1659476537.256956,98
1659476537.367380,99
1659476537.478373,99
1659476537.650558,100
1659476537.812668,99
1659476537.945829,99
1659476538.061867,100
1659476538.175694,99
1659476538.287232,99
1659476538.414634,98
1659476538.527564,100
1659476538.635939,99
1659476538.745557,100
1659476538.859131,98
1659476538.972284,99
1659476539.097608,100
1659476539.216573,99
1659476539.323101,99
1659476539.429561,100
1659476539.545679,99
1659476539.653119,100
1659476539.758866,100
1659476539.864911,100
1659476539.971458,100
1659476540.076806,100
1659476540.183360,99
1659476540.296005,100
1659476540.407671,100
1659476540.515824,100
1659476540.627749,99
1659476540.734930,99
1659476540.842062,99
1659476540.948165,100
1659476541.054352,98
1659476541.165910,99
1659476541.275223,100
1659476541.381598,99
1659476541.488807,99
1659476541.598421,99
1659476541.708800,95
1659476541.814729,98
1659476541.923225,98
1659476542.032685,97
1659476542.142047,97
1659476542.252107,97
1659476542.364238,97
1659476542.482893,97
1659476542.594244,96
1659476542.714249,96
1659476542.821944,98
1659476542.929938,99
1659476543.071712,95
1659476543.184421,97
1659476543.293312,96
1659476543.415644,96
1659476543.524868,96
1659476543.632597,96
1659476543.738678,96
1659476543.844311,96
1659476543.954040,94
1659476544.065034,94
1659476544.173491,90
1659476544.283520,84
1659476544.392257,77
1659476544.504953,69
1659476544.612345,61
1659476544.723994,57
1659476544.830876,53
1659476544.938686,52
1659476545.044642,52
1659476545.150622,52
1659476545.263832,51
1659476545.369885,52
1659476545.476040,50
1659476545.582787,49
1659476545.691861,49
1659476545.799567,48
1659476545.914992,48
1659476546.021868,48
1659476546.130051,50
1659476546.241251,49
1659476546.348327,49
1659476546.453922,49
1659476546.567751,49
1659476546.682549,49
1659476546.789967,49
1659476546.903950,48
1659476547.014896,48
1659476547.122938,48
1659476547.231488,48
1659476547.341282,48
1659476547.450024,50
1659476547.556908,50
1659476547.664481,50
1659476547.771153,50
1659476547.883872,50
1659476547.990709,50
1659476548.096490,50
1659476548.204499,50
1659476548.309989,49
1659476548.416029,50
1659476548.521293,50
1659476548.627601,50
1659476548.736198,49
1659476548.857311,50
1659476548.963018,51
1659476549.074416,51
1659476549.183864,51
1659476549.291933,49
1659476549.400178,51
1659476549.507957,51
1659476549.615824,51
1659476549.723727,51
1659476549.836476,50
1659476550.119421,51
1659476550.234324,52
1659476550.360782,51
1659476550.473332,52
1659476550.588830,52
1659476550.705800,52
1659476550.815575,52
1659476550.922307,53
1659476551.032306,53
1659476551.138269,52
1659476551.245427,52
1659476551.359063,53
1659476551.467405,59
1659476551.574411,59
1659476551.684879,60
1659476551.798683,60
1659476551.904946,60
1659476552.012053,60
1659476552.120953,59
1659476552.226496,60
1659476552.333152,60
1659476552.441041,60
1659476552.546996,60
1659476552.651955,60
1659476552.757568,60
1659476552.865724,60
1659476552.976998,60
1659476553.087477,61
1659476553.195599,61
1659476553.302168,62
1659476553.407707,62
1659476553.520097,61
1659476553.626754,61
1659476553.732926,62
1659476553.842214,62
1659476553.951872,62
1659476554.060821,62
1659476554.166268,63
1659476554.272470,61
1659476554.381743,62
1659476554.491100,62
1659476554.596819,60
1659476554.705146,62
1659476554.812772,62
1659476554.918635,62
1659476555.032723,62
1659476555.151700,64
1659476555.258474,64
1659476555.364440,64
1659476555.470738,64
1659476555.576930,65
1659476555.682197,65
1659476555.789716,65
1659476555.895815,65
1659476556.008085,65
1659476556.113032,65
1659476556.218975,65
1659476556.324537,65
1659476556.430698,65
1659476556.539468,65
1659476556.645847,64
1659476556.756496,64
1659476556.863648,64
1659476556.969177,65
1659476557.074857,65
1659476557.183704,66
1659476557.290959,66
1659476557.401915,67
1659476557.508877,67
1659476557.614265,67
1659476557.720844,67
1659476557.828897,67
1659476557.937533,66
1659476558.045037,68
1659476558.150976,67
1659476558.256737,66
1659476558.363003,66
1659476558.475081,66
1659476558.586429,66
1659476558.691854,67
1659476558.797511,67
1659476558.905170,67
1659476559.014121,67
1659476559.122322,60
1659476559.228187,61
1659476559.334857,60
1659476559.446986,59
1659476559.554250,62
1659476559.661167,62
1659476559.767441,62
1659476559.873055,61
1659476559.981510,62
1659476560.097832,66
1659476560.204751,65
1659476560.312183,64
1659476560.422407,66
1659476560.529001,66
1659476560.634423,66
1659476560.740599,66
1659476560.846509,65
1659476560.951697,65
1659476561.056737,65
1659476561.162556,65
1659476561.267709,66
1659476561.372764,65
1659476561.478011,65
1659476561.583621,65
1659476561.691133,66
1659476561.800361,66
1659476561.906544,66
1659476562.012096,66
1659476562.119608,68
1659476562.225999,68
1659476562.331588,68
1659476562.441733,68
1659476562.548044,68
1659476562.653438,68
1659476562.760760,68
1659476562.868243,68
1659476562.973414,68
1659476563.079998,68
1659476563.186790,68
1659476563.292280,69
1659476563.398476,68
1659476563.505755,68
1659476563.614295,68
1659476563.720897,69
1659476563.826841,69
1659476563.935022,68
1659476564.041905,69
1659476564.152383,69
1659476564.261921,69
1659476564.368471,69
1659476564.474083,69
1659476564.580519,70
1659476564.687724,71
1659476564.792774,71
1659476564.901474,71
1659476565.012590,72
1659476565.121677,71
1659476565.237798,70
1659476565.350890,72
1659476565.460729,72
1659476565.567070,71
1659476565.672666,70
1659476565.778809,71
1659476565.883763,72
1659476565.992615,71
1659476566.099875,71
1659476566.208500,72
1659476566.314410,72
1659476566.422724,72
1659476566.530636,73
1659476566.635860,73
1659476566.745469,73
1659476566.851181,73
1659476566.962458,73
1659476567.073154,74
1659476567.196738,73
1659476567.318680,72
1659476567.437236,73
1659476567.546291,73
1659476567.652936,72
1659476567.761618,72
1659476567.870504,73
1659476567.978476,73
1659476568.094631,73
1659476568.210070,73
1659476568.319693,73
1659476568.431031,71
1659476568.542576,65
1659476568.655805,66
1659476568.763865,66
1659476568.874644,66
1659476569.002589,67
1659476569.111879,68
1659476569.222720,68
1659476569.336756,67
1659476569.445402,66
1659476569.555690,71
1659476569.662286,70
1659476569.771530,70
1659476569.879135,71
1659476569.989857,71
1659476570.098631,72
1659476570.203841,71
1659476570.317194,72
1659476570.424791,72
1659476570.536857,72
1659476570.642335,72
1659476570.748095,71
1659476570.854128,71
1659476570.960369,72
1659476571.067917,73
1659476571.173711,71
1659476571.280328,71
1659476571.386369,71
1659476571.493626,73
1659476571.601820,72
1659476571.709658,72
1659476571.816030,73
1659476571.922261,73
1659476572.027798,73
1659476572.135035,74
1659476572.240449,74
1659476572.348486,74
1659476572.454385,74
1659476572.563241,74
1659476572.668486,74
1659476572.775940,74
1659476572.882533,74
1659476572.988817,75
1659476573.103270,75
1659476573.216267,74
1659476573.326601,73
1659476573.433386,75
1659476573.539120,75
1659476573.645102,74
1659476573.752069,74
1659476573.864660,75
1659476573.975399,74
1659476574.082946,75
1659476574.193516,74
1659476574.300967,74
1659476574.407182,75
1659476574.513019,76
1659476574.620267,76
1659476574.726401,76
1659476574.834221,75
1659476574.942112,76
1659476575.049002,77
1659476575.156676,77
1659476575.263701,76
1659476575.372419,76
1659476575.482792,77
1659476575.590254,77
1659476575.696781,75
1659476575.804550,76
1659476575.916658,77
1659476576.022751,77
1659476576.128100,77
1659476576.235703,77
1659476576.341888,77
1659476576.455208,77
1659476576.562160,78
1659476576.669193,78
1659476576.776964,78
1659476576.882364,78
1659476576.993294,78
1659476577.100903,80
1659476577.212517,80
1659476577.317624,79
1659476577.425629,80
1659476577.531970,80
1659476577.638044,79
1659476577.750308,79
1659476577.856272,77
1659476577.961956,79
1659476578.070527,79
1659476578.184353,79
1659476578.295704,78
1659476578.402379,78
1659476578.508515,78
1659476578.614118,74
1659476578.720954,72
1659476578.827807,72
1659476578.933427,72
1659476579.038744,72
1659476579.144203,72
1659476579.250788,73
1659476579.358535,73
1659476579.468094,73
1659476579.575678,74
1659476579.681648,71
1659476579.787940,70
1659476579.902748,71
1659476580.012820,71
1659476580.120599,69
1659476580.234617,70
1659476580.340665,70
1659476580.445975,70
1659476580.564566,69
1659476580.675548,70
1659476580.781715,70
1659476580.892735,71
1659476581.000940,71
1659476581.110214,71
1659476581.216469,71
1659476581.325816,72
1659476581.436511,70
1659476581.545213,72
1659476581.653486,71
1659476581.761405,71
1659476581.872508,71
1659476581.980913,70
1659476582.089219,71
1659476582.195725,71
1659476582.301727,70
1659476582.407647,71
1659476582.519021,71
1659476582.630833,72
1659476582.742961,72
1659476582.853582,72
1659476582.962157,72
1659476583.073642,72
1659476583.208027,73
1659476583.376231,73
1659476583.486621,73
1659476583.593186,73
1659476583.703928,73
1659476583.812188,73
1659476583.918809,73
1659476584.028023,73
1659476584.146158,73
1659476584.262113,73
1659476584.368433,74
1659476584.473587,74
1659476584.580758,74
1659476584.688687,74
1659476584.795308,81
1659476584.936730,80
1659476585.047904,81
1659476585.153825,82
1659476585.261223,81
1659476585.369747,82
1659476585.482946,81
1659476585.591101,80
1659476585.699719,81
1659476585.807826,80
1659476585.917188,80
1659476586.028722,80
1659476586.143254,80
1659476586.251709,80
1659476586.361547,81
1659476586.471699,81
1659476586.583957,80
1659476586.691593,81
1659476586.797957,81
1659476586.906670,81
1659476587.019829,82
1659476587.126383,82
1659476587.236590,82
1659476587.345130,83
1659476587.451816,83
1659476587.558916,83
1659476587.664748,83
1659476587.771544,82
1659476587.877876,83
1659476587.983699,81
1659476588.091896,82
1659476588.199543,81
1659476588.305152,82
1659476588.413729,82
1659476588.519881,83
1659476588.629442,84
1659476588.740180,83
1659476588.846085,83
1659476588.952545,83
1659476589.064811,83
1659476589.177176,81
1659476589.283471,83
1659476589.391230,83
1659476589.497656,83
1659476589.607254,84
1659476589.721156,84
1659476589.829432,84
1659476589.934638,84
1659476590.041027,84
1659476590.149853,84
1659476590.256466,84
1659476590.362519,85
1659476590.469486,84
1659476590.580006,84
1659476590.686878,85
1659476590.832452,85
1659476590.950403,85
1659476591.067814,86
1659476591.179982,85
1659476591.285517,86
1659476591.391217,86
1659476591.497891,86
1659476591.604101,86
1659476591.711822,86
1659476591.818940,86
1659476591.927484,87
1659476592.038127,87
1659476592.144742,88
1659476592.254266,87
1659476592.362788,87
1659476592.477791,87
1659476592.584029,86
1659476592.699369,87
1659476592.806140,88
1659476592.917029,87
1659476593.030515,88
1659476593.139115,88
1659476593.245173,87
1659476593.352257,87
1659476593.462711,86
1659476593.571979,88
1659476593.680965,87
1659476593.789905,88
1659476593.895611,87
1659476594.000894,87
1659476594.106953,87
1659476594.212611,87
1659476594.319700,87
1659476594.429697,88
1659476594.535130,88
1659476594.641595,88
1659476594.750579,88
1659476594.860856,88
1659476594.967711,86
1659476595.074059,81
1659476595.180511,81
1659476595.289487,81
1659476595.398049,81
1659476595.508687,81
1659476595.614587,81
1659476595.724201,82
1659476595.832675,82
1659476595.940443,82
1659476596.047998,82
1659476596.154353,84
1659476596.261717,88
1659476596.375475,88
1659476596.485778,88
1659476596.592429,88
1659476596.700211,89
1659476596.814538,87
1659476596.921418,87
1659476597.028313,88
1659476597.134104,87
1659476597.240937,86
1659476597.346560,86
1659476597.458769,87
1659476597.564941,87
1659476597.670031,87
1659476597.782147,87
1659476597.889005,87
1659476597.999319,88
1659476598.110650,87
1659476598.219863,87
1659476598.331481,86
1659476598.438790,86
1659476598.546759,87
1659476598.657516,88
1659476598.766237,87
1659476598.874871,87
1659476598.987238,87
1659476599.092447,88
1659476599.200664,89
1659476599.305839,89
1659476599.417697,89
1659476599.523153,89
1659476599.630729,89
1659476599.737158,89
1659476599.845589,89
1659476599.951561,88
1659476600.057702,88
1659476600.171038,88
1659476600.276523,89
1659476600.387533,89
1659476600.499386,89
1659476600.606141,89
1659476600.715988,89
1659476600.821661,88
1659476600.929056,87
1659476601.037566,89
1659476601.143761,89
1659476601.252673,88
1659476601.358754,89
1659476601.471765,90
1659476601.577543,90
1659476601.684323,90
1659476601.790915,90
1659476601.899665,90
1659476602.007022,90
1659476602.117784,90
1659476602.228868,91
1659476602.336151,91
1659476602.441994,91
1659476602.549727,91
1659476602.657701,91
1659476602.769085,92
1659476602.881761,90
1659476602.990218,91
1659476603.099813,91
1659476603.210053,91
1659476603.318935,92
1659476603.427012,91
1659476603.542812,91
1659476603.651618,91
1659476603.758026,91
1659476603.869712,91
1659476603.978578,91
1659476604.086606,92
1659476604.193237,92
1659476604.302739,92
1659476604.413021,92
1659476604.519591,92
1659476604.633087,92
1659476604.740549,94
1659476604.850633,94
1659476604.956555,94
1659476605.066056,94
1659476605.173130,94
1659476605.285694,93
1659476605.391893,93
1659476605.504464,94
1659476605.611522,92
1659476605.718827,93
1659476605.827912,93
1659476605.942682,93
1659476606.048632,93
1659476606.154100,92
1659476606.261231,92
1659476606.366731,92
1659476606.472666,93
1659476606.579498,94
1659476606.685654,94
1659476606.792110,94
1659476606.902802,94
1659476607.009194,94
1659476607.115006,94
1659476607.223782,88
1659476607.330570,87
1659476607.436441,88
1659476607.542903,88
1659476607.655558,87
1659476607.766320,87
1659476607.873141,87
1659476607.979406,87
1659476608.084886,87
1659476608.191661,87
1659476608.298115,88
1659476608.404935,89
1659476608.516379,92
1659476608.621863,93
1659476608.728312,94
1659476608.838750,93
1659476608.945620,93
1659476609.053072,94
1659476609.162260,93
1659476609.267734,93
1659476609.373312,94
1659476609.482509,92
1659476609.594743,93
1659476609.704903,92
1659476609.813002,92
1659476609.918943,92
1659476610.028329,92
1659476610.135736,92
1659476610.242255,93
1659476610.350510,92
1659476610.456220,91
1659476610.567642,93
1659476610.675176,94
1659476610.780830,92
1659476610.886892,93
1659476610.992763,93
1659476611.098695,95
1659476611.209666,94
1659476611.320365,94
1659476611.431095,94
1659476611.538717,95
1659476611.652378,94
1659476611.758836,94
1659476611.867111,94
1659476611.979071,94
1659476612.092293,95
1659476612.197607,95
1659476612.303206,95
1659476612.410590,95
1659476612.518644,95
1659476612.626515,95
1659476612.740005,94
1659476612.849605,95
1659476612.958989,95
1659476613.071555,96
1659476613.180854,94
1659476613.289488,94
1659476613.395397,96
1659476613.506823,94
1659476613.612253,94
1659476613.719069,94
1659476613.831361,96
1659476613.937694,95
1659476614.043744,95
1659476614.154761,95
1659476614.266109,96
1659476614.375061,96
1659476614.480906,96
1659476614.587950,96
1659476614.693556,96
1659476614.799698,96
1659476614.906432,97
1659476615.016429,96
1659476615.121972,97
1659476615.228629,97
1659476615.334033,97
1659476615.445427,97
1659476615.551791,97
1659476615.663710,97
1659476615.771297,97
1659476615.877853,96
1659476615.986453,97
1659476616.094010,98
1659476616.205681,96
1659476616.311785,98
1659476616.423979,96
1659476616.536508,97
1659476616.642263,98
1659476616.750312,97
1659476616.857724,98
1659476616.963697,98
1659476617.071649,98
1659476617.184561,98
1659476617.291907,98
1659476617.400499,98
1659476617.505951,98
1659476617.612184,99
1659476617.726742,99
1659476617.837402,99
1659476617.947267,98
1659476618.053234,98
1659476618.160488,100
1659476618.267245,100
1659476618.381933,98
1659476618.492543,98
1659476618.597865,100
1659476618.705671,98
1659476618.811791,98
1659476618.918003,97
1659476619.025526,97
1659476619.132392,98
1659476619.240330,97
1659476619.347133,97
1659476619.454453,98
1659476619.560761,98
1659476619.669476,98
1659476619.776460,98
1659476619.882771,98
1659476619.991297,98
1659476620.097061,98
1659476620.202601,92
1659476620.309266,91
1659476620.415779,90
1659476620.521971,91
1659476620.627750,91
1659476620.732321,91
1659476620.839015,91
1659476620.951581,90
1659476621.062051,86
1659476621.171575,78
1659476621.279162,68
1659476621.386497,60
1659476621.492993,53
1659476621.598733,46
1659476621.717981,45
1659476621.852389,46
1659476621.961730,46
1659476622.074322,46
1659476622.181521,46
1659476622.289237,47
1659476622.394999,47
1659476622.504739,47
1659476622.611291,47
1659476622.716649,45
1659476622.825694,46
1659476622.932758,46
1659476623.038699,46
1659476623.144721,46
1659476623.252675,46
1659476623.359638,46
1659476623.466401,47
1659476623.573761,47
1659476623.680983,47
1659476623.786261,46
1659476623.894078,47
1659476623.999598,47
1659476624.108162,47
1659476624.214575,47
1659476624.322590,47
1659476624.428471,47
1659476624.535284,47
1659476624.647213,46
1659476624.760226,48
1659476624.876033,48
1659476624.993863,49
1659476625.107989,48
1659476625.222512,47
1659476625.331354,49
1659476625.620895,50
1659476625.772397,49
1659476625.904875,51
1659476626.027904,51
1659476626.177549,58
1659476626.288125,57
1659476626.394549,57
1659476626.501661,57
1659476626.610494,57
1659476626.724808,57
1659476626.841843,55
1659476626.953487,56
1659476627.065355,56
1659476627.178255,57
1659476627.284846,56
1659476627.396455,57
1659476627.504613,57
1659476627.611600,57
1659476627.719100,57
1659476627.833187,58
1659476627.947635,58
1659476628.054657,57
1659476628.160598,58
1659476628.266826,58
1659476628.376424,58
1659476628.509198,57
1659476628.630395,59
1659476628.747500,58
1659476628.866553,59
1659476628.974764,59
1659476629.081960,59
1659476629.197037,58
1659476629.316416,59
1659476629.445229,58
1659476629.569032,59
1659476629.686539,60
1659476629.794891,60
1659476630.003350,60
1659476630.125378,61
1659476630.243893,61
1659476630.366141,61
1659476630.487531,61
1659476630.610656,62
1659476630.738788,62
1659476630.856327,61
1659476630.974121,61
1659476631.094122,61
1659476631.203407,62
1659476631.317114,62
1659476631.424676,63
1659476631.541225,63
1659476631.655460,62
1659476631.772368,62
1659476631.898740,63
1659476632.019784,62
1659476632.134126,63
1659476632.254097,63
1659476632.373907,65
1659476632.490981,63
1659476632.604436,63
1659476632.711340,62
1659476632.817000,62
1659476632.923889,62
1659476633.031522,62
1659476633.137490,62
1659476633.245307,63
1659476633.353870,63
1659476633.463150,59
1659476633.576139,57
1659476633.683399,58
1659476633.798198,58
1659476633.912603,58
1659476634.030126,57
1659476634.149471,57
1659476634.266520,57
1659476634.377419,62
1659476634.487966,62
1659476634.593899,62
1659476634.723174,62
1659476634.853926,62
1659476634.959990,62
1659476635.083161,63
1659476635.203533,62
1659476635.318784,62
1659476635.425726,62
1659476635.540471,62
1659476635.662133,62
1659476635.772575,62
1659476635.883645,62
1659476635.991342,62
1659476636.097702,64
1659476636.203597,63
1659476636.314620,63
1659476636.425408,64
1659476636.536270,65
1659476636.643778,65
1659476636.750625,65
1659476636.857738,65
1659476636.965405,65
1659476637.076662,65
1659476637.189861,65
1659476637.301051,64
1659476637.407714,64
1659476637.522302,65
1659476637.628706,66
1659476637.734100,65
1659476637.841982,64
1659476637.949176,65
1659476638.055524,63
1659476638.162679,64
1659476638.271492,64
1659476638.379017,66
1659476638.490039,66
1659476638.596919,66
1659476638.714245,67
1659476638.825078,67
1659476638.931518,67
1659476639.042802,66
1659476639.161530,67
1659476639.275093,67
1659476639.382384,68
1659476639.492508,67
1659476639.605189,68
1659476639.714970,68
1659476639.825388,68
1659476639.932331,67
1659476640.039447,67
1659476640.146070,67
1659476640.255233,68
1659476640.366659,68
1659476640.472279,68
1659476640.582446,69
1659476640.694915,69
1659476640.802488,69
1659476640.908082,69
1659476641.020030,69
1659476641.130844,69
1659476641.236400,69
1659476641.356995,68
1659476641.507898,69
1659476641.614478,69
1659476641.725238,68
1659476641.841453,68
1659476641.988480,68
1659476642.104873,68
1659476642.216065,70
1659476642.326759,70
1659476642.431938,67
1659476642.537857,62
1659476642.643388,64
1659476642.748947,64
1659476642.854577,64
1659476642.964137,64
1659476643.122175,64
1659476643.232696,65
1659476643.343155,64
1659476643.457288,68
1659476643.562447,68
1659476643.689364,68
1659476643.807852,68
1659476643.916544,68
1659476644.026418,68
1659476644.132310,68
1659476644.241287,68
1659476644.360386,66
1659476644.489301,68
1659476644.604846,68
1659476644.714223,68
1659476644.822868,68
1659476644.932340,68
1659476645.095807,69
1659476645.240476,70
1659476645.351150,70
1659476645.473835,70
1659476645.624342,69
1659476645.763579,70
1659476645.876126,70
1659476645.989062,71
1659476646.096137,70
1659476646.219197,70
1659476646.362020,70
1659476646.487789,70
1659476646.611534,70
1659476646.730344,70
1659476646.839491,70
1659476646.946559,71
1659476647.061549,69
1659476647.170328,70
1659476647.285016,71
1659476647.391029,72
1659476647.503589,72
1659476647.611381,72
1659476647.717810,73
1659476647.826137,72
1659476647.933543,73
1659476648.043290,73
1659476648.152016,73
1659476648.260009,72
1659476648.366653,74
1659476648.472620,74
1659476648.578206,73
1659476648.685735,74
1659476648.791859,74
1659476648.902223,74
1659476649.014726,75
1659476649.137283,72
1659476649.249298,71
1659476649.357589,74
1659476649.468098,74
1659476649.581576,74
1659476649.692322,74
1659476649.815778,75
1659476649.954502,75
1659476650.078862,75
1659476650.188736,75
1659476650.304438,74
1659476650.412900,74
1659476650.526762,75
1659476650.639904,75
1659476650.757561,75
1659476650.876460,75
1659476650.990273,76
1659476651.106428,76
1659476651.213474,75
1659476651.342518,75
1659476651.455660,75
1659476651.561060,76
1659476651.671833,76
1659476651.777993,75
1659476651.914480,76
1659476652.046815,75
1659476652.164223,75
1659476652.273587,75
1659476652.390841,70
1659476652.510994,68
1659476652.636697,68
1659476652.745093,68
1659476652.855797,68
1659476652.961588,68
1659476653.070621,68
1659476653.189287,68
1659476653.323162,67
1659476653.436931,67
1659476653.543023,67
1659476653.671078,65
1659476653.827760,66
1659476653.938232,67
1659476654.044827,67
1659476654.157750,66
1659476654.269926,66
1659476654.376704,67
1659476654.496894,67
1659476654.625666,67
1659476654.734513,67
1659476654.840559,67
1659476654.955286,68
1659476655.061664,68
1659476655.171500,67
1659476655.278600,67
1659476655.388462,68
1659476655.494661,67
1659476655.606396,66
1659476655.719702,68
1659476655.831187,68
1659476655.936784,68
1659476656.051864,68
1659476656.158612,68
1659476656.270571,68
1659476656.386229,68
1659476656.495678,67
1659476656.609593,68
1659476656.715039,68
1659476656.823944,69
1659476656.929749,70
1659476657.037067,69
1659476657.144796,70
1659476657.251903,70
1659476657.367276,68
1659476657.474783,69
1659476657.589110,69
1659476657.697213,69
1659476657.804394,70
1659476657.913332,70
1659476658.021497,70
1659476658.133203,70
1659476658.243885,71
1659476658.352314,71
1659476658.460505,71
1659476658.567088,77
1659476658.673454,77
1659476658.780403,78
1659476658.885540,77
1659476658.992069,78
1659476659.105303,77
1659476659.212178,76
1659476659.318718,77
1659476659.430028,77
1659476659.535290,75
1659476659.642024,77
1659476659.747446,77
1659476659.857861,77
1659476659.967034,78
1659476660.072863,78
1659476660.185601,78
1659476660.319580,77
1659476660.444607,77
1659476660.568658,77
1659476660.674419,78
1659476660.791185,79
1659476660.904738,80
1659476661.020768,80
1659476661.127374,80
1659476661.241609,78
1659476661.364930,79
1659476661.487050,79
1659476661.598001,78
1659476661.706765,79
1659476661.822325,80
1659476661.945711,80
1659476662.065794,80
1659476662.181775,79
1659476662.297251,79
1659476662.412024,80
1659476662.529414,80
1659476662.643399,80
1659476662.755713,79
1659476662.869650,80
1659476662.975551,80
1659476663.094290,81
1659476663.207646,79
1659476663.315801,80
1659476663.429709,81
1659476663.542916,81
1659476663.651677,81
1659476663.764568,81
1659476663.871061,81
1659476663.983339,82
1659476664.091189,81
1659476664.198299,82
1659476664.305550,82
1659476664.432110,82
1659476664.547387,82
1659476664.672597,81
1659476664.789203,81
1659476664.904315,82
1659476665.019775,82
1659476665.128626,82
1659476665.250257,82
1659476665.388654,83
1659476665.504109,83
1659476665.611465,83
1659476665.718079,82
1659476665.828792,83
1659476665.945542,83
1659476666.056153,83
1659476666.162813,83
1659476666.268594,85
1659476666.375426,85
1659476666.484231,85
1659476666.590387,85
1659476666.733566,84
1659476666.861622,83
1659476666.984917,85
1659476667.102668,85
1659476667.215497,84
1659476667.335191,84
1659476667.458727,83
1659476667.577637,83
1659476667.687822,84
1659476667.793506,84
1659476667.903250,85
1659476668.009682,85
1659476668.141944,84
1659476668.269998,84
1659476668.383886,84
1659476668.490529,78
1659476668.602340,79
1659476668.725693,79
1659476668.837987,79
1659476668.945667,79
1659476669.061765,79
1659476669.171418,78
1659476669.279388,78
1659476669.395326,77
1659476669.501066,78
1659476669.611989,84
1659476669.718774,85
1659476669.826057,85
1659476669.939726,86
1659476670.046740,85
1659476670.152606,84
1659476670.258400,85
1659476670.365057,85
1659476670.472228,85
1659476670.578460,85
1659476670.683834,83
1659476670.790179,83
1659476670.896276,83
1659476671.002045,83
1659476671.107249,83
1659476671.213995,83
1659476671.324272,82
1659476671.431469,83
1659476671.540846,84
1659476671.650963,84
1659476671.757723,84
1659476671.863848,84
1659476671.970593,85
1659476672.080722,85
1659476672.189964,85
1659476672.303381,85
1659476672.416609,85
1659476672.546282,85
1659476672.658414,85
1659476672.766385,86
1659476672.872452,86
1659476672.987442,86
1659476673.100975,85
1659476673.215917,85
1659476673.351345,83
1659476673.458844,84
1659476673.568925,85
1659476673.675916,85
1659476673.784206,85
1659476673.907199,86
1659476674.024304,85
1659476674.141957,85
1659476674.250907,86
1659476674.356503,87
1659476674.476029,87
1659476674.600132,87
1659476674.716167,88
1659476674.824829,88
1659476674.936264,88
1659476675.053568,87
1659476675.173865,87
1659476675.280929,86
1659476675.387705,88
1659476675.494120,87
1659476675.609133,88
1659476675.739514,88
1659476675.848996,89
1659476675.954306,89
1659476676.060802,89
1659476676.169956,89
1659476676.275267,89
1659476676.382258,89
1659476676.488509,88
1659476676.594326,87
1659476676.702115,88
1659476676.812437,88
1659476676.918949,89
1659476677.027499,89
1659476677.133729,89
1659476677.239389,88
1659476677.345482,88
1659476677.451691,88
1659476677.567629,89
1659476677.677435,88
1659476677.786332,88
1659476677.892674,89
1659476678.002713,90
1659476678.109453,90
1659476678.216995,90
1659476678.323591,89
1659476678.432833,90
1659476678.540148,90
1659476678.647707,90
1659476678.754117,89
1659476678.863923,90
1659476678.972224,90
1659476679.081622,90
1659476679.189440,90
1659476679.298703,90
1659476679.411906,91
1659476679.523222,91
1659476679.629982,91
1659476679.735672,91
1659476679.841137,91
1659476679.950855,92
1659476680.056611,92
1659476680.166346,90
1659476680.287199,85
1659476680.399397,84
1659476680.508876,84
1659476680.615016,84
1659476680.722183,84
1659476680.835932,83
1659476680.950904,84
1659476681.057100,84
1659476681.162474,84
1659476681.287232,85
1659476681.393232,87
1659476681.508019,89
1659476681.614994,90
1659476681.728962,91
1659476681.875734,91
1659476682.014886,90
1659476682.140687,91
1659476682.249448,91
1659476682.361728,91
1659476682.471883,91
1659476682.579259,89
1659476682.684760,88
1659476682.794870,89
1659476682.908345,89
1659476683.024926,89
1659476683.148794,88
1659476683.260809,88
1659476683.390125,89
1659476683.501987,89
1659476683.615259,89
1659476683.722532,88
1659476683.830810,89
1659476683.946541,90
1659476684.071758,89
1659476684.182096,90
1659476684.298042,91
1659476684.435013,91
1659476684.549628,91
1659476684.675512,90
1659476684.788463,89
1659476684.899846,91
1659476685.019058,91
1659476685.136297,91
1659476685.264939,91
1659476685.371686,91
1659476685.478905,91
1659476685.585381,91
1659476685.691735,92
1659476685.797922,91
1659476685.905982,91
1659476686.012264,91
1659476686.118825,91
1659476686.224377,91
1659476686.337181,90
1659476686.453026,91
1659476686.564484,91
1659476686.677461,92
1659476686.790792,93
1659476686.906303,93
1659476687.016611,93
1659476687.129479,92
1659476687.237119,92
1659476687.346978,92
1659476687.456995,92
1659476687.567931,92
1659476687.685459,93
1659476687.805600,94
1659476687.957505,93
1659476688.071034,95
1659476688.181596,92
1659476688.290356,93
1659476688.398629,93
1659476688.510207,94
1659476688.618173,94
1659476688.730937,94
1659476688.840084,94
1659476688.951290,95
1659476689.058354,94
1659476689.166778,94
1659476689.273868,95
1659476689.380378,95
1659476689.501461,94
1659476689.610677,94
1659476689.721697,94
1659476689.833091,94
1659476689.956746,95
1659476690.069288,95
1659476690.207851,95
1659476690.318646,95
1659476690.448161,95
1659476690.570292,97
1659476690.678519,96
1659476690.787653,96
1659476690.898086,97
1659476691.008469,96
1659476691.136655,95
1659476691.286459,97
1659476691.397484,96
1659476691.510574,96
1659476691.618133,95
1659476691.728988,95
1659476691.836384,96
1659476691.951312,96
1659476692.065952,96
1659476692.173202,96
1659476692.278938,96
1659476692.390783,96
1659476692.497295,96
1659476692.606555,96
1659476692.712956,96
1659476692.820114,92
1659476692.929487,88
1659476693.042622,89
1659476693.150313,89
1659476693.260507,89
1659476693.367739,90
1659476693.482151,89
1659476693.592158,89
1659476693.698662,90
1659476693.806095,89
1659476693.912592,89
1659476694.023252,89
1659476694.132864,88
1659476694.240251,86
1659476694.349293,86
1659476694.463678,87
1659476694.578993,87
1659476694.684438,87
1659476694.797733,88
1659476694.903301,87
1659476695.014267,88
1659476695.121924,88
1659476695.227910,88
1659476695.361356,88
1659476695.509283,88
1659476695.618958,87
1659476695.726549,87
1659476695.832998,87
1659476695.940897,89
1659476696.048389,88
1659476696.155111,88
1659476696.261462,88
1659476696.371886,89
1659476696.480064,88
1659476696.593537,88
1659476696.701102,89
1659476696.811314,88
1659476696.919941,89
1659476697.028891,89
1659476697.140126,89
1659476697.249149,89
1659476697.355119,89
1659476697.461712,90
1659476697.575098,90
1659476697.681547,89
1659476697.787083,89
1659476697.893785,90
