1659478646.632219,0
1659478646.742642,10
1659478646.851182,11
1659478646.958974,11
1659478647.069080,10
1659478647.179707,10
1659478647.288009,9
1659478647.397964,8
1659478647.519112,10
1659478647.628302,8
1659478647.735242,10
1659478647.845480,16
1659478647.952908,14
1659478648.060048,20
1659478648.169180,19
1659478648.281912,27
1659478648.390745,28
1659478648.499830,31
1659478648.614633,31
1659478648.722683,32
1659478648.831769,32
1659478648.943900,27
1659478649.050341,21
1659478649.159809,18
1659478649.286371,12
1659478649.400136,6
1659478649.514702,10
1659478649.622155,16
1659478649.729234,21
1659478649.834405,24
1659478649.946074,24
1659478650.052031,25
1659478650.158266,26
1659478650.268613,25
1659478650.387342,25
1659478650.508462,25
1659478650.624288,24
1659478650.742804,18
1659478650.854673,11
1659478650.971747,10
1659478651.091898,7
1659478651.202417,11
1659478651.312351,17
1659478651.420811,21
1659478651.527571,23
1659478651.632874,23
1659478651.741960,24
1659478651.852412,25
1659478651.958590,26
1659478652.068855,26
1659478652.178951,25
1659478652.284734,23
1659478652.390849,20
1659478652.497809,13
1659478652.609656,14
1659478652.717967,9
1659478652.824975,7
1659478652.933204,6
1659478653.043079,6
1659478653.154633,7
1659478653.260996,6
1659478653.369601,6
1659478653.480556,5
1659478653.586487,6
1659478653.699064,7
1659478653.809947,5
1659478653.919830,7
1659478654.025979,7
1659478654.137616,7
1659478654.249061,8
1659478654.359137,8
1659478654.465721,7
1659478654.580519,6
1659478654.691091,6
1659478654.797913,6
1659478654.903538,6
1659478655.011671,7
1659478655.125743,5
1659478655.231380,6
1659478655.340745,6
1659478655.448110,6
1659478655.554146,6
1659478655.660863,6
1659478655.766278,8
1659478655.873563,8
1659478655.987175,6
1659478656.093138,7
1659478656.199214,6
1659478656.308414,6
1659478656.414030,6
1659478656.526310,6
1659478656.636089,8
1659478656.747339,3
1659478656.853574,3
1659478656.963631,3
1659478657.090102,5
1659478657.206010,7
1659478657.318892,8
1659478657.432897,9
1659478657.543216,10
1659478657.650015,11
1659478657.756820,13
1659478657.862516,14
1659478657.969611,19
1659478658.075184,18
1659478658.182078,22
1659478658.292107,23
1659478658.403945,27
1659478658.514511,29
1659478658.625651,30
1659478658.732957,33
1659478658.845546,34
1659478658.965849,35
1659478659.081686,36
1659478659.201855,31
1659478659.363964,25
1659478659.484823,21
1659478659.603423,20
1659478659.729158,12
1659478659.844802,12
1659478659.961101,19
1659478660.076351,18
1659478660.195698,23
1659478660.358833,25
1659478660.483468,30
1659478660.605185,31
1659478660.735218,34
1659478660.847998,35
1659478660.956687,34
1659478661.062979,34
1659478661.169100,32
1659478661.302195,26
1659478661.413823,23
1659478661.522571,21
1659478661.632392,16
1659478661.745399,14
1659478661.855958,17
1659478661.963221,15
1659478662.073257,21
1659478662.181779,21
1659478662.289317,25
1659478662.397548,27
1659478662.507942,28
1659478662.614688,29
1659478662.723017,32
1659478662.831599,31
1659478662.940860,31
1659478663.066711,30
1659478663.180022,25
1659478663.307987,24
1659478663.415706,17
1659478663.526489,12
1659478663.637711,10
1659478663.748059,8
1659478663.863488,10
1659478664.021271,8
1659478664.135201,9
1659478664.245782,8
1659478664.365283,8
1659478664.489731,9
1659478664.598269,9
1659478664.708379,10
1659478664.817787,8
1659478664.929428,10
1659478665.037196,9
1659478665.146336,10
1659478665.259412,9
1659478665.374840,11
1659478665.490678,10
1659478665.601722,11
1659478665.712332,10
1659478665.825422,9
1659478665.933460,9
1659478666.039270,8
1659478666.146223,9
1659478666.262813,10
1659478666.380442,9
1659478666.492515,11
1659478666.604362,11
1659478666.710676,12
1659478666.824976,11
1659478666.936491,10
1659478667.056267,3
1659478667.173903,2
1659478667.291241,3
1659478667.415220,6
1659478667.530594,8
1659478667.650611,12
1659478667.794899,11
1659478667.910670,12
1659478668.025560,12
1659478668.139931,12
1659478668.249871,11
1659478668.360505,12
1659478668.493804,12
1659478668.614334,13
1659478668.735063,19
1659478668.850393,17
1659478668.964371,20
1659478669.131958,21
1659478669.243402,26
1659478669.351249,31
1659478669.502437,30
1659478669.671667,34
1659478669.781044,34
1659478669.891517,34
1659478670.002425,36
1659478670.121169,32
1659478670.231213,28
1659478670.343709,22
1659478670.458125,19
1659478670.596005,14
1659478670.721198,13
1659478670.831686,18
1659478670.943065,18
1659478671.053856,22
1659478671.163610,23
1659478671.272323,26
1659478671.382983,28
1659478671.493520,32
1659478671.599685,32
1659478671.706031,35
1659478671.811989,35
1659478671.919963,36
1659478672.026999,35
1659478672.135108,27
1659478672.250102,23
1659478672.356963,22
1659478672.463665,17
1659478672.571081,15
1659478672.677730,10
1659478672.783015,15
1659478672.888989,19
1659478672.997165,21
1659478673.110479,26
1659478673.216335,27
1659478673.324968,28
1659478673.432140,30
1659478673.541384,31
1659478673.646920,33
1659478673.754692,33
1659478673.861577,35
1659478673.969896,32
1659478674.075438,25
1659478674.186880,24
1659478674.293863,20
1659478674.406782,15
1659478674.518744,12
1659478674.624651,9
1659478674.731842,9
1659478674.837971,9
1659478674.962386,7
1659478675.071795,6
1659478675.180857,7
1659478675.286339,5
1659478675.401422,6
1659478675.510982,7
1659478675.618933,6
1659478675.724498,8
1659478675.833338,7
1659478675.946681,7
1659478676.054462,9
1659478676.161656,9
1659478676.267576,10
1659478676.374861,10
1659478676.480383,10
1659478676.593507,9
1659478676.700066,9
1659478676.807752,10
1659478676.913696,10
1659478677.023427,10
1659478677.131739,9
1659478677.241813,10
1659478677.346853,4
1659478677.455669,2
1659478677.560895,2
1659478677.672523,3
1659478677.782254,5
1659478677.887894,7
1659478677.993948,8
1659478678.107127,7
1659478678.214907,9
1659478678.321209,8
1659478678.427582,9
1659478678.533109,11
1659478678.639753,10
1659478678.745669,11
1659478678.851222,10
1659478678.957161,10
1659478679.065685,12
1659478679.172065,10
1659478679.278319,12
1659478679.383865,12
1659478679.496097,11
1659478679.608574,13
1659478679.730099,18
1659478679.842530,18
1659478679.948401,24
1659478680.057650,24
1659478680.163953,30
1659478680.272134,29
1659478680.378464,30
1659478680.486141,34
1659478680.601325,35
1659478680.709169,37
1659478680.821211,39
1659478680.927229,32
1659478681.034591,27
1659478681.139948,22
1659478681.251951,22
1659478681.379543,14
1659478681.487267,13
1659478681.592556,16
1659478681.698754,15
1659478681.804708,20
1659478681.912252,22
1659478682.018373,26
1659478682.128282,30
1659478682.237986,27
1659478682.348915,30
1659478682.455508,32
1659478682.566468,33
1659478682.673210,34
1659478682.781003,35
1659478682.887033,28
1659478682.993084,25
1659478683.099458,24
1659478683.207178,17
1659478683.313801,15
1659478683.421877,11
1659478683.528062,18
1659478683.636966,17
1659478683.747428,21
1659478683.857772,23
1659478683.964374,26
1659478684.069696,29
1659478684.178285,32
1659478684.287784,34
1659478684.401096,35
1659478684.506434,35
1659478684.618204,34
1659478684.726118,35
1659478684.831685,29
1659478684.936983,25
1659478685.046244,24
1659478685.151589,18
1659478685.266124,14
1659478685.374684,12
1659478685.486345,8
1659478685.593383,9
1659478685.706827,10
1659478685.812459,9
1659478685.920354,8
1659478686.025610,10
1659478686.134172,10
1659478686.241871,11
1659478686.349114,11
1659478686.459907,11
1659478686.567648,11
1659478686.674841,11
1659478686.787056,9
1659478686.892095,11
1659478687.001631,10
1659478687.107276,10
1659478687.214195,11
1659478687.319919,11
1659478687.425895,10
1659478687.532706,10
1659478687.641408,6
1659478687.746910,2
1659478687.855124,2
1659478687.961986,4
1659478688.067604,5
1659478688.177101,6
1659478688.287715,7
1659478688.395904,8
1659478688.500726,10
1659478688.610048,10
1659478688.716089,12
1659478688.827065,12
1659478688.941403,12
1659478689.048399,12
1659478689.153754,12
1659478689.262277,11
1659478689.370068,11
1659478689.476716,9
1659478689.591122,10
1659478689.696275,11
1659478689.804867,9
1659478689.912145,8
1659478690.028423,8
1659478690.133290,10
1659478690.246403,9
1659478690.357839,10
1659478690.467610,16
1659478690.579132,18
1659478690.685320,20
1659478690.791339,23
1659478690.905999,26
1659478691.012525,28
1659478691.118885,31
1659478691.226615,32
1659478691.333709,31
1659478691.440578,32
1659478691.549669,31
1659478691.663465,30
1659478691.769525,25
1659478691.876975,25
1659478691.982349,19
1659478692.089229,12
1659478692.196290,14
1659478692.303165,18
1659478692.409569,16
1659478692.518003,21
1659478692.623666,23
1659478692.733262,27
1659478692.839992,27
1659478692.953410,32
1659478693.062138,33
1659478693.167370,34
1659478693.272711,33
1659478693.383301,36
1659478693.488869,32
1659478693.599451,26
1659478693.708256,23
1659478693.818022,19
1659478693.933739,13
1659478694.045938,11
1659478694.151842,16
1659478694.258699,15
1659478694.367010,21
1659478694.477006,21
1659478694.588054,28
1659478694.696180,30
1659478694.803759,32
1659478694.910674,35
1659478695.020401,34
1659478695.126564,33
1659478695.235688,36
1659478695.344898,32
1659478695.452647,27
1659478695.558247,24
1659478695.669456,22
1659478695.775001,15
1659478695.882905,12
1659478695.996334,8
1659478696.105699,9
1659478696.213004,9
1659478696.319458,8
1659478696.426473,10
1659478696.532625,8
1659478696.645530,10
1659478696.752433,9
1659478696.863338,9
1659478696.979739,10
1659478697.108056,8
1659478697.231812,10
1659478697.349387,9
1659478697.514157,10
1659478697.627991,9
1659478697.738887,10
1659478697.850094,10
1659478697.955803,5
1659478698.066058,2
1659478698.172113,2
1659478698.277854,3
1659478698.383948,5
1659478698.490059,7
1659478698.596558,6
1659478698.702300,7
1659478698.807974,7
1659478698.913966,7
1659478699.024458,9
1659478699.131719,8
1659478699.242296,9
1659478699.351411,11
1659478699.488094,10
1659478699.607485,9
1659478699.836786,10
1659478699.961656,10
1659478700.087268,10
1659478700.199386,10
1659478700.322746,10
1659478700.440713,13
1659478700.606117,12
1659478700.716959,12
1659478700.839994,12
1659478700.955417,12
1659478701.066827,19
1659478701.174419,18
1659478701.281630,22
1659478701.389193,24
1659478701.499162,28
1659478701.605850,30
1659478701.723248,32
1659478701.840343,34
1659478701.947731,35
1659478702.080832,36
1659478702.213969,36
1659478702.338698,33
1659478702.486852,25
1659478702.603925,21
1659478702.733688,16
1659478702.854224,13
1659478702.968992,11
1659478703.099353,17
1659478703.219606,18
1659478703.351252,21
1659478703.465431,26
1659478703.581488,30
1659478703.703840,30
1659478703.815837,32
1659478703.925851,34
1659478704.036826,36
1659478704.154446,37
1659478704.264138,35
1659478704.377612,28
1659478704.493761,23
1659478704.611701,21
1659478704.726160,18
1659478704.858890,13
1659478704.972770,12
1659478705.084036,16
1659478705.203640,19
1659478705.322070,22
1659478705.433923,23
1659478705.550598,28
1659478705.669606,30
1659478705.812781,31
1659478705.979199,34
1659478706.111848,35
1659478706.236952,36
1659478706.356646,29
1659478706.477230,24
1659478706.590718,22
1659478706.716258,17
1659478706.872554,14
1659478706.978140,11
1659478707.086042,11
1659478707.195995,11
1659478707.308406,9
1659478707.421529,10
1659478707.527238,10
1659478707.650132,9
1659478707.757991,9
1659478707.864378,10
1659478707.973176,11
1659478708.078874,11
1659478708.194582,11
1659478708.318323,4
1659478708.449118,2
1659478708.568186,2
1659478708.683173,5
1659478708.791218,4
1659478708.903939,6
1659478709.008869,8
1659478709.116037,7
1659478709.221077,10
1659478709.331863,11
1659478709.453724,11
1659478709.569433,10
1659478709.708068,8
1659478709.917830,8
1659478710.039637,10
1659478710.172382,11
1659478710.289045,10
1659478710.555714,9
1659478710.670798,11
1659478710.795718,8
1659478710.914989,11
1659478711.036191,9
1659478711.164779,9
1659478711.327049,10
1659478711.535836,9
1659478711.649808,10
1659478711.812910,10
1659478711.924932,11
1659478712.050872,16
1659478712.167471,16
1659478712.285320,20
1659478712.398224,21
1659478712.506042,28
1659478712.613681,28
1659478712.720984,32
1659478712.831883,33
1659478712.937421,34
1659478713.044388,32
1659478713.150438,34
1659478713.257233,27
1659478713.364490,25
1659478713.469752,21
1659478713.575202,16
1659478713.681162,13
1659478713.786491,9
1659478713.892682,16
1659478714.001045,18
1659478714.107578,20
1659478714.214534,24
1659478714.322465,27
1659478714.428797,28
1659478714.535610,29
1659478714.641553,29
1659478714.748475,31
1659478714.859599,32
1659478714.964984,33
1659478715.071210,30
1659478715.178881,26
1659478715.287638,21
1659478715.393899,14
1659478715.500241,14
1659478715.605459,16
1659478715.711417,13
1659478715.818134,21
1659478715.923969,20
1659478716.030829,25
1659478716.140178,27
1659478716.245905,31
1659478716.352308,30
1659478716.458362,31
1659478716.564540,33
1659478716.676131,33
1659478716.785058,35
1659478716.891175,30
1659478716.999652,25
1659478717.105572,22
1659478717.222110,17
1659478717.368884,14
1659478717.518876,8
1659478717.648489,7
1659478717.758133,7
1659478717.875039,5
1659478717.982639,6
1659478718.094125,5
1659478718.208968,5
1659478718.316427,6
1659478718.424435,5
1659478718.530658,6
1659478718.637907,2
1659478718.743973,2
1659478718.849566,3
1659478718.956773,2
1659478719.063878,3
1659478719.169419,6
1659478719.276637,8
1659478719.382627,6
1659478719.499291,6
1659478719.606391,7
1659478719.712833,6
1659478719.818837,9
1659478719.926560,8
1659478720.032014,8
1659478720.138814,10
1659478720.244588,9
1659478720.350185,8
1659478720.459711,11
1659478720.564726,10
1659478720.671586,11
1659478720.777766,10
1659478720.884723,11
1659478720.991242,11
1659478721.096926,12
1659478721.202344,11
1659478721.308204,12
1659478721.414058,10
1659478721.519154,11
1659478721.624674,11
1659478721.733972,12
1659478721.842869,9
1659478721.948725,11
1659478722.056835,10
1659478722.170151,10
1659478722.279542,8
1659478722.397470,10
1659478722.522028,11
1659478722.647564,16
1659478722.754866,20
1659478722.862216,24
1659478722.971320,25
1659478723.077016,28
1659478723.228551,29
1659478723.340746,29
1659478723.447480,30
1659478723.553152,30
1659478723.659518,31
1659478723.766531,32
1659478723.872830,32
1659478723.979633,31
1659478724.087619,28
1659478724.194413,22
1659478724.301996,15
1659478724.407315,16
1659478724.516036,11
1659478724.621706,18
1659478724.727437,18
1659478724.835269,22
1659478724.941511,23
1659478725.047337,26
1659478725.154036,30
1659478725.259107,32
1659478725.364873,33
1659478725.470785,35
1659478725.577158,37
1659478725.692256,37
1659478725.802154,37
1659478725.908163,30
1659478726.013509,23
1659478726.119849,22
1659478726.226229,18
1659478726.334468,13
1659478726.441613,11
1659478726.547018,15
1659478726.652603,19
1659478726.758267,21
1659478726.873483,26
1659478727.037338,28
1659478727.154343,28
1659478727.286458,30
1659478727.413545,29
1659478727.522867,30
1659478727.629688,31
1659478727.735112,31
1659478727.840961,31
1659478727.946798,30
1659478728.055299,24
1659478728.180606,22
1659478728.293903,16
1659478728.402592,14
1659478728.509588,11
1659478728.615785,10
1659478728.723272,8
1659478728.831866,8
1659478728.939164,2
1659478729.045110,2
1659478729.151095,2
1659478729.261507,3
1659478729.367513,5
1659478729.475038,4
1659478729.580194,5
1659478729.688223,7
1659478729.794364,7
1659478729.899762,7
1659478730.006526,8
1659478730.112077,8
1659478730.218575,9
1659478730.325983,9
1659478730.431946,8
1659478730.537781,10
1659478730.643882,10
1659478730.750255,9
1659478730.856092,9
1659478730.961475,8
1659478731.066844,9
1659478731.173071,10
1659478731.278813,9
1659478731.384756,8
1659478731.490212,8
1659478731.595876,8
1659478731.702202,9
1659478731.809272,10
1659478731.915932,10
1659478732.031913,10
1659478732.177130,9
1659478732.284326,10
1659478732.389955,10
1659478732.495509,10
1659478732.600793,9
1659478732.707398,9
1659478732.815312,9
1659478732.922024,10
1659478733.029054,9
1659478733.134399,10
1659478733.242999,9
1659478733.348589,11
1659478733.465892,10
1659478733.578405,15
1659478733.684313,21
1659478733.790913,22
1659478733.896958,26
1659478734.009611,27
1659478734.115399,28
1659478734.220816,29
1659478734.326780,29
1659478734.432904,30
1659478734.539050,30
1659478734.646852,30
1659478734.753087,28
1659478734.861487,27
1659478734.968113,23
1659478735.074433,18
1659478735.180440,15
1659478735.286185,16
1659478735.391709,12
1659478735.498021,18
1659478735.603378,20
1659478735.709436,20
1659478735.816071,23
1659478735.921427,26
1659478736.027874,28
1659478736.133672,29
1659478736.239090,31
1659478736.347775,32
1659478736.455138,33
1659478736.560309,33
1659478736.666869,32
1659478736.787618,25
1659478736.914541,23
1659478737.025345,18
1659478737.145106,12
1659478737.252032,12
1659478737.364646,17
1659478737.473225,19
1659478737.585128,20
1659478737.693455,24
1659478737.799556,27
1659478737.908346,28
1659478738.016198,28
1659478738.124827,29
1659478738.238415,28
1659478738.348360,30
1659478738.558136,31
1659478738.677286,28
1659478738.790484,26
1659478738.898182,22
1659478739.012423,16
1659478739.130746,12
1659478739.249489,3
1659478739.356184,2
1659478739.464436,3
1659478739.571248,9
1659478739.683750,10
1659478739.791932,12
1659478739.898913,9
1659478740.006120,8
1659478740.115672,8
1659478740.265472,8
1659478740.372743,9
1659478740.478543,9
1659478740.586785,9
1659478740.695102,7
1659478740.802635,7
1659478740.910500,9
1659478741.019433,8
1659478741.133392,7
1659478741.319716,6
1659478741.449935,5
1659478741.575514,6
1659478741.686931,6
1659478741.799352,6
1659478741.908350,7
1659478742.016555,7
1659478742.126351,6
1659478742.239911,7
1659478742.346967,6
1659478742.454361,6
1659478742.562183,7
1659478742.672238,8
1659478742.782545,7
1659478742.888402,7
1659478742.995768,8
1659478743.102821,6
1659478743.209853,7
1659478743.327049,7
1659478743.452286,6
1659478743.564178,6
1659478743.674811,6
1659478743.784007,7
1659478743.894783,7
1659478744.005164,7
1659478744.112968,7
1659478744.223122,7
1659478744.328715,13
1659478744.435720,17
1659478744.541920,20
1659478744.650974,22
1659478744.758100,23
1659478744.864320,24
1659478744.970320,25
1659478745.079920,25
1659478745.186012,26
1659478745.292408,26
1659478745.404178,25
1659478745.510417,22
1659478745.619622,15
1659478745.726326,10
1659478745.834418,10
1659478745.939772,14
1659478746.046184,14
1659478746.153099,17
1659478746.262947,21
1659478746.374525,24
1659478746.481262,25
1659478746.589148,27
1659478746.695193,27
1659478746.802249,28
1659478746.908144,28
1659478747.028719,28
1659478747.148390,22
1659478747.256490,21
1659478747.361525,14
1659478747.466895,9
1659478747.574862,14
1659478747.680990,14
1659478747.787129,16
1659478747.893199,20
1659478747.998510,22
1659478748.108397,22
1659478748.215296,22
1659478748.322950,22
1659478748.428204,24
1659478748.534026,24
1659478748.640353,26
1659478748.746788,25
1659478748.853474,21
1659478748.959115,14
1659478749.064721,14
1659478749.170362,9
1659478749.275874,6
1659478749.381294,6
1659478749.486651,4
1659478749.593062,1
1659478749.702153,2
1659478749.810183,2
1659478749.916302,3
1659478750.026436,5
1659478750.132494,4
1659478750.237629,4
1659478750.345526,6
1659478750.451016,5
1659478750.560389,7
1659478750.666035,6
1659478750.771259,7
1659478750.878353,8
1659478750.985090,7
1659478751.092548,9
1659478751.200222,9
1659478751.306473,9
1659478751.414078,9
1659478751.519796,9
1659478751.626635,8
1659478751.733303,9
1659478751.838912,10
1659478751.945546,9
1659478752.050842,10
1659478752.157417,9
1659478752.264495,10
1659478752.370579,11
1659478752.476758,10
1659478752.584008,10
1659478752.698429,9
1659478752.804048,8
1659478752.911577,10
1659478753.024815,9
1659478753.131671,8
1659478753.241038,9
1659478753.351617,8
1659478753.465230,8
1659478753.571342,10
1659478753.678374,10
1659478753.784079,9
1659478753.891438,10
1659478753.998899,10
1659478754.104545,10
1659478754.215050,10
1659478754.322252,15
1659478754.428038,16
1659478754.534702,19
1659478754.647806,20
1659478754.754889,24
1659478754.862856,27
1659478754.974934,28
1659478755.089036,30
1659478755.195223,31
1659478755.303754,31
1659478755.411327,32
1659478755.519270,31
1659478755.627631,27
1659478755.739178,25
1659478755.846171,19
1659478755.966980,15
1659478756.080843,13
1659478756.188002,16
1659478756.294395,16
1659478756.400708,21
1659478756.506852,23
1659478756.615523,27
1659478756.722047,26
1659478756.830262,30
1659478756.936002,31
1659478757.043758,31
1659478757.149266,32
1659478757.258273,33
1659478757.367266,32
1659478757.478804,26
1659478757.584488,26
1659478757.691535,21
1659478757.807829,15
1659478757.917997,13
1659478758.031913,15
1659478758.157140,16
1659478758.297899,19
1659478758.425687,26
1659478758.539762,29
1659478758.655036,28
1659478758.765062,30
1659478758.878688,32
1659478758.984658,31
1659478759.095918,31
1659478759.203297,32
1659478759.312393,27
1659478759.425307,26
1659478759.531402,21
1659478759.638576,15
1659478759.747184,12
1659478759.853577,4
1659478759.963353,2
1659478760.070381,2
1659478760.177148,2
1659478760.283424,3
1659478760.390528,4
1659478760.497161,4
1659478760.602987,5
1659478760.711983,7
1659478760.817013,6
1659478760.924910,7
1659478761.034285,7
1659478761.142908,7
1659478761.258576,9
1659478761.366364,7
1659478761.472396,9
1659478761.583447,8
1659478761.695686,9
1659478761.803879,9
1659478761.910489,11
1659478762.016625,9
1659478762.125191,10
1659478762.232101,10
1659478762.342019,9
1659478762.447888,10
1659478762.555622,8
1659478762.661779,10
1659478762.768132,10
1659478762.876072,10
1659478762.982493,10
1659478763.088261,9
1659478763.195181,9
1659478763.300564,9
1659478763.406909,9
1659478763.518307,8
1659478763.625898,10
1659478763.734640,10
1659478763.844697,8
1659478763.950589,10
1659478764.055878,8
1659478764.161022,9
1659478764.279102,9
1659478764.404198,9
1659478764.526383,9
1659478764.640159,10
1659478764.748012,10
1659478764.858719,9
1659478764.966741,16
1659478765.074719,19
1659478765.184156,21
1659478765.289768,25
1659478765.401103,27
1659478765.511918,28
1659478765.621720,29
1659478765.730510,31
1659478765.838858,31
1659478765.947635,32
1659478766.057517,33
1659478766.166091,30
1659478766.275048,26
1659478766.386345,26
1659478766.493911,19
1659478766.612127,14
1659478766.724045,11
1659478766.829813,16
1659478766.935752,16
1659478767.040992,20
1659478767.147103,21
1659478767.263255,23
1659478767.373491,28
1659478767.519242,29
1659478767.640117,32
1659478767.748915,32
1659478767.854947,34
1659478767.965769,35
1659478768.071365,29
1659478768.177234,24
1659478768.290051,22
1659478768.404690,17
1659478768.511373,14
1659478768.629556,10
1659478768.739803,14
1659478768.846211,19
1659478768.952847,21
1659478769.058895,25
1659478769.166126,27
1659478769.275900,28
1659478769.383571,26
1659478769.490120,27
1659478769.596000,28
1659478769.707896,29
1659478769.815117,30
1659478769.923320,31
1659478770.032415,29
1659478770.138502,25
1659478770.246717,18
1659478770.351916,12
1659478770.460191,7
1659478770.573900,3
1659478770.683030,2
1659478770.791909,2
1659478770.898630,3
1659478771.010514,7
1659478771.125325,8
1659478771.231734,7
1659478771.340648,9
1659478771.450318,7
1659478771.556447,7
1659478771.664967,11
1659478771.773272,9
1659478771.881620,9
1659478771.988324,12
1659478772.105343,10
1659478772.219934,8
1659478772.328542,9
1659478772.444545,10
1659478772.558446,10
1659478772.668097,11
1659478772.779271,10
1659478772.887557,10
1659478772.995685,10
1659478773.104305,12
1659478773.220231,10
1659478773.327291,9
1659478773.433887,10
1659478773.540198,10
1659478773.650574,9
1659478773.758000,10
1659478773.865882,10
1659478773.980252,9
1659478774.094833,9
1659478774.206827,11
1659478774.319398,11
1659478774.430348,11
1659478774.539253,10
1659478774.650851,12
1659478774.759026,10
1659478774.864459,9
1659478774.978447,10
1659478775.085987,10
1659478775.192630,9
1659478775.301748,10
1659478775.411438,10
1659478775.519311,11
1659478775.633724,17
1659478775.740128,17
1659478775.850356,21
1659478775.960216,25
1659478776.073085,29
1659478776.183169,29
1659478776.303352,31
1659478776.409421,33
1659478776.514670,35
1659478776.622483,34
1659478776.730547,35
1659478776.835794,29
1659478776.942961,25
1659478777.060693,23
1659478777.172986,16
1659478777.284874,14
1659478777.392030,12
1659478777.499442,19
1659478777.605568,16
1659478777.717065,22
1659478777.823107,21
1659478777.937464,25
1659478778.046798,29
1659478778.152309,30
1659478778.264327,33
1659478778.373677,36
1659478778.482445,34
1659478778.595450,35
1659478778.702651,33
1659478778.809633,27
1659478778.921947,23
1659478779.030669,23
1659478779.138482,17
1659478779.253495,14
1659478779.360812,12
1659478779.474808,17
1659478779.582583,18
1659478779.694759,21
1659478779.804975,23
1659478779.911778,27
1659478780.018261,27
1659478780.132791,30
1659478780.240402,31
1659478780.346559,34
1659478780.453287,34
1659478780.566907,34
1659478780.673291,32
1659478780.783868,24
1659478780.890048,17
1659478781.003819,11
1659478781.124804,6
1659478781.276153,2
1659478781.383019,3
1659478781.490225,7
1659478781.600892,7
1659478781.706418,9
1659478781.812263,9
1659478781.917527,10
1659478782.029062,11
1659478782.141138,11
1659478782.293591,13
1659478782.410872,13
1659478782.516571,11
1659478782.627883,12
1659478782.734183,12
1659478782.842682,13
1659478782.952779,10
1659478783.065106,10
1659478783.171525,10
1659478783.281044,10
1659478783.390908,12
1659478783.499873,11
1659478783.607187,11
1659478783.714617,11
1659478783.823349,10
1659478783.930495,11
1659478784.036532,9
1659478784.146413,9
1659478784.252130,10
1659478784.364946,9
1659478784.476156,9
1659478784.582252,9
1659478784.693325,11
1659478784.802431,10
1659478784.910752,10
1659478785.019643,11
1659478785.126018,11
1659478785.238106,10
1659478785.350621,11
1659478785.460535,9
1659478785.572896,9
1659478785.683382,11
1659478785.793675,10
1659478785.903798,10
1659478786.018056,9
1659478786.146464,9
1659478786.259514,12
1659478786.367427,17
1659478786.472771,18
1659478786.579162,23
1659478786.686140,21
1659478786.796205,26
1659478786.910032,29
1659478787.016267,30
1659478787.127790,33
1659478787.242532,34
1659478787.351136,34
1659478787.464998,37
1659478787.573913,36
1659478787.682211,30
1659478787.791858,24
1659478787.901745,24
1659478788.007260,20
1659478788.113845,16
1659478788.228528,14
1659478788.338083,16
1659478788.452400,19
1659478788.558325,21
1659478788.664911,24
1659478788.775702,28
1659478788.889112,29
1659478788.996442,30
1659478789.102802,31
1659478789.208874,33
1659478789.322304,35
1659478789.434769,34
1659478789.540704,36
1659478789.657019,30
1659478789.762573,25
1659478789.875897,23
1659478789.991487,18
1659478790.098836,14
1659478790.213322,10
1659478790.324433,14
1659478790.432556,21
1659478790.544356,24
1659478790.650547,28
1659478790.761136,28
1659478790.868991,29
1659478790.981341,30
1659478791.086879,30
1659478791.192675,29
1659478791.298786,27
1659478791.414896,26
1659478791.522035,25
1659478791.628574,21
1659478791.735750,14
1659478791.842934,6
1659478791.953237,1
1659478792.062472,3
1659478792.172360,4
1659478792.285733,7
1659478792.401584,8
1659478792.510106,9
1659478792.620697,10
1659478792.727942,10
1659478792.841602,10
1659478792.953655,9
1659478793.067258,11
1659478793.177815,9
1659478793.288215,10
1659478793.399345,10
1659478793.511699,11
1659478793.619390,10
1659478793.727758,10
1659478793.836277,11
1659478793.947705,10
1659478794.055342,9
1659478794.163229,9
1659478794.271820,10
1659478794.379171,9
1659478794.485302,10
1659478794.595082,10
1659478794.706668,9
1659478794.812826,10
1659478794.921453,9
1659478795.030924,9
1659478795.141378,11
1659478795.248230,12
1659478795.364276,11
1659478795.480924,11
1659478795.587622,11
1659478795.695783,10
1659478795.802446,11
1659478795.914883,10
1659478796.022890,10
1659478796.130317,10
1659478796.237248,9
1659478796.352283,10
1659478796.463700,10
1659478796.571527,10
1659478796.678131,11
1659478796.783931,11
1659478796.893935,11
1659478797.002368,12
1659478797.109650,17
1659478797.216963,16
1659478797.324759,21
1659478797.431625,22
1659478797.538969,27
1659478797.654240,28
1659478797.760361,30
1659478797.867268,30
1659478797.978208,33
1659478798.086885,33
1659478798.199353,35
1659478798.311562,33
1659478798.419510,27
1659478798.529869,24
1659478798.641541,23
1659478798.746704,17
1659478798.855080,14
1659478798.969270,13
1659478799.074878,19
1659478799.182898,19
1659478799.289186,23
1659478799.401291,23
1659478799.511692,26
1659478799.619436,30
1659478799.731442,32
1659478799.846605,35
1659478799.953779,38
1659478800.061634,36
1659478800.167476,38
1659478800.274744,37
1659478800.383348,31
1659478800.488948,25
1659478800.595379,23
1659478800.704027,19
1659478800.815199,13
1659478800.921193,14
1659478801.026546,16
1659478801.139636,16
1659478801.250849,20
1659478801.358245,22
1659478801.465597,25
1659478801.575340,30
1659478801.681534,31
1659478801.790947,34
1659478801.898865,35
1659478802.005240,35
1659478802.116549,29
1659478802.223423,30
1659478802.328751,23
1659478802.438928,18
1659478802.545895,11
1659478802.654242,5
1659478802.759554,2
1659478802.866226,1
1659478802.975152,4
1659478803.081693,7
1659478803.194815,7
1659478803.310318,6
1659478803.432474,9
1659478803.547250,12
1659478803.655899,11
1659478803.764443,13
1659478803.874035,11
1659478803.982520,12
1659478804.094797,13
1659478804.202293,11
1659478804.309996,10
1659478804.416033,12
1659478804.525885,11
1659478804.631691,10
1659478804.750999,10
1659478804.861855,9
1659478804.968613,11
1659478805.079216,10
1659478805.190624,12
1659478805.297791,13
1659478805.405784,10
1659478805.518236,10
1659478805.626909,11
1659478805.734601,10
1659478805.839846,10
1659478805.946471,12
1659478806.052382,11
1659478806.159332,11
1659478806.266696,10
1659478806.374415,10
1659478806.481215,10
1659478806.586756,9
1659478806.697903,10
1659478806.805894,10
1659478806.912771,10
1659478807.022395,11
1659478807.127999,11
1659478807.234644,10
1659478807.347558,11
1659478807.453268,12
1659478807.560103,11
1659478807.683998,11
1659478807.796156,14
1659478807.909422,17
1659478808.035601,19
1659478808.157856,21
1659478808.266893,23
1659478808.380103,26
1659478808.488417,30
1659478808.594094,30
1659478808.699306,32
1659478808.809075,33
1659478808.921272,34
1659478809.027981,37
1659478809.143243,36
1659478809.248860,31
1659478809.356233,25
1659478809.467241,25
1659478809.575469,19
1659478809.685483,14
1659478809.808458,14
1659478809.921373,19
1659478810.027057,18
1659478810.143054,23
1659478810.257329,23
1659478810.368883,28
1659478810.477018,32
1659478810.582861,30
1659478810.689880,35
1659478810.794865,36
1659478810.908767,39
1659478811.014976,37
1659478811.127862,37
1659478811.243993,34
1659478811.351470,27
1659478811.463369,23
1659478811.580574,24
1659478811.717814,18
1659478811.831192,14
1659478811.943113,19
1659478812.052801,18
1659478812.165612,22
1659478812.278837,23
1659478812.385721,26
1659478812.491003,30
1659478812.596741,30
1659478812.704456,33
1659478812.811379,34
1659478812.916630,35
1659478813.046764,29
1659478813.165816,29
1659478813.282423,23
1659478813.390624,19
1659478813.497031,11
1659478813.603068,6
1659478813.725424,5
1659478813.839703,7
1659478813.946982,7
1659478814.061918,10
1659478814.173912,10
1659478814.288363,11
1659478814.413953,11
1659478814.525354,12
1659478814.633223,10
1659478814.740954,11
1659478814.849946,12
1659478814.961059,11
1659478815.071672,12
1659478815.178531,13
1659478815.284486,12
1659478815.390584,12
1659478815.498519,12
1659478815.605611,13
1659478815.711020,10
1659478815.822332,10
1659478815.930052,11
1659478816.039264,10
1659478816.147820,11
1659478816.254216,10
1659478816.361093,10
1659478816.470592,10
1659478816.578446,8
1659478816.689108,10
1659478816.806109,10
1659478816.917238,8
1659478817.024508,8
1659478817.130159,11
1659478817.236662,8
1659478817.346390,8
1659478817.455833,10
1659478817.562904,8
1659478817.668478,9
1659478817.774904,11
1659478817.895520,10
1659478818.006170,10
1659478818.133545,10
1659478818.264410,9
1659478818.378280,10
1659478818.487762,11
1659478818.651848,9
1659478818.771850,10
1659478818.926963,17
1659478819.063794,18
1659478819.204042,21
1659478819.314364,25
1659478819.425312,29
1659478819.532011,30
1659478819.639036,31
1659478819.745199,33
1659478819.856482,36
1659478819.973330,34
1659478820.081596,37
1659478820.191180,33
1659478820.298851,28
1659478820.409702,25
1659478820.516170,23
1659478820.622616,16
1659478820.745723,14
1659478820.872380,17
1659478820.983152,19
1659478821.094641,20
1659478821.206615,24
1659478821.314721,25
1659478821.422297,30
1659478821.527832,34
1659478821.635420,34
1659478821.741499,36
1659478821.852292,36
1659478821.963249,35
1659478822.072380,37
1659478822.179386,36
1659478822.285464,31
1659478822.391617,25
1659478822.499697,23
1659478822.606115,18
1659478822.712107,15
1659478822.818714,11
1659478822.924258,16
1659478823.031118,16
1659478823.136327,20
1659478823.243645,24
1659478823.349868,28
1659478823.455245,30
1659478823.562188,31
1659478823.668340,32
1659478823.775296,32
1659478823.884201,29
1659478823.992795,27
1659478824.100107,27
1659478824.206867,21
1659478824.314873,17
1659478824.423587,19
1659478824.530843,17
1659478824.638522,19
1659478824.747696,18
1659478824.854103,21
1659478824.961397,23
1659478825.071213,27
1659478825.179306,26
1659478825.286679,19
1659478825.393747,18
1659478825.499626,19
1659478825.606261,20
1659478825.719884,21
1659478825.827341,21
1659478825.935073,21
1659478826.040846,20
1659478826.146528,22
1659478826.261068,22
1659478826.366620,23
1659478826.472637,25
1659478826.579067,29
1659478826.687475,32
1659478826.794137,32
1659478826.900755,28
1659478827.007091,24
1659478827.113544,24
1659478827.219199,24
1659478827.328364,25
1659478827.434865,25
1659478827.540387,26
1659478827.647391,26
1659478827.754637,27
1659478827.861256,27
1659478827.970325,28
1659478828.079545,30
1659478828.186976,33
1659478828.292635,36
1659478828.400896,36
1659478828.506863,34
1659478828.613459,27
1659478828.721490,27
1659478828.827612,26
1659478828.933978,27
1659478829.039784,28
1659478829.145650,27
1659478829.251397,28
1659478829.358058,27
1659478829.488035,29
1659478829.603995,32
1659478829.710823,34
1659478829.816645,38
1659478829.929765,49
1659478830.037120,49
1659478830.145676,46
1659478830.252452,40
1659478830.359482,40
1659478830.466546,43
1659478830.574837,52
1659478830.680892,54
1659478830.788299,56
1659478830.895402,58
1659478831.001393,62
1659478831.109089,65
1659478831.217799,67
1659478831.324706,69
1659478831.432677,73
1659478831.542543,79
1659478831.649605,84
1659478831.758004,90
1659478831.863693,91
1659478831.969767,89
1659478832.082283,85
1659478832.195212,80
1659478832.303198,78
1659478832.413076,70
1659478832.529286,61
1659478832.640253,56
1659478832.749949,53
1659478832.856739,49
1659478832.964001,43
1659478833.070321,46
1659478833.179324,48
1659478833.288628,48
1659478833.395999,46
1659478833.503975,44
1659478833.610999,37
1659478833.717670,46
1659478833.828673,46
1659478833.935391,46
1659478834.041200,46
1659478834.147980,47
1659478834.254279,43
1659478834.362436,49
1659478834.468371,55
1659478834.576352,51
1659478834.682467,45
1659478834.789828,38
1659478834.896612,35
1659478835.002839,34
1659478835.109629,34
1659478835.215661,28
1659478835.321065,21
1659478835.428709,23
1659478835.536795,33
1659478835.644986,40
1659478835.751109,41
1659478835.860799,41
1659478835.972355,43
1659478836.081601,42
1659478836.206300,38
1659478836.312548,38
1659478836.419382,38
1659478836.527448,39
1659478836.633877,38
1659478836.746501,47
1659478836.858392,47
1659478836.963372,47
1659478837.069539,49
1659478837.175403,49
1659478837.280974,48
1659478837.386734,53
1659478837.492362,56
1659478837.599674,55
1659478837.707078,55
1659478837.813539,60
1659478837.923424,63
1659478838.036072,64
1659478838.149399,66
1659478838.256488,69
1659478838.366161,75
1659478838.472099,79
1659478838.577780,84
1659478838.683808,89
1659478838.791089,96
1659478838.899932,100
1659478839.007209,99
1659478839.117602,94
1659478839.227452,91
1659478839.339001,84
1659478839.446415,78
1659478839.556978,66
1659478839.663528,56
1659478839.773481,51
1659478839.883507,48
1659478839.993075,44
1659478840.102376,44
1659478840.210891,44
1659478840.323476,42
1659478840.440079,39
1659478840.546132,41
1659478840.653110,43
1659478840.762030,42
1659478840.870054,41
1659478840.976081,37
1659478841.082301,31
1659478841.187574,31
1659478841.295190,31
1659478841.403897,31
1659478841.535409,30
1659478841.665504,32
1659478841.772695,31
1659478841.879026,30
1659478841.987288,31
1659478842.095579,34
1659478842.202234,37
1659478842.311596,40
1659478842.418726,40
1659478842.524600,40
1659478842.632118,37
1659478842.737933,31
1659478842.844034,31
1659478842.954246,30
1659478843.059488,30
1659478843.166008,31
1659478843.272993,31
1659478843.382538,32
1659478843.492776,31
1659478843.599380,31
1659478843.705089,31
1659478843.811128,34
1659478843.917953,36
1659478844.024959,39
1659478844.130957,39
1659478844.236370,41
1659478844.346464,36
1659478844.453414,30
1659478844.559210,30
1659478844.666198,30
1659478844.774991,31
1659478844.883050,30
1659478845.009887,31
1659478845.117635,32
1659478845.225985,33
1659478845.337260,32
1659478845.444515,34
1659478845.552475,46
1659478845.663365,39
1659478845.772644,33
1659478845.880824,25
1659478845.989536,19
1659478846.102339,16
1659478846.208724,9
1659478846.322762,12
1659478846.432343,24
1659478846.543469,31
1659478846.652789,35
1659478846.784810,33
1659478846.904701,35
1659478847.010271,36
1659478847.120077,37
1659478847.233932,33
1659478847.343826,32
1659478847.456209,27
1659478847.563739,26
1659478847.674795,23
1659478847.781645,22
1659478847.891090,20
1659478848.002560,25
1659478848.109846,26
1659478848.217082,23
1659478848.328693,25
1659478848.437275,28
1659478848.544041,29
1659478848.658712,32
1659478848.766346,35
1659478848.874971,38
1659478848.990364,42
1659478849.099081,41
1659478849.225413,43
1659478849.378080,48
1659478849.490385,48
1659478849.606990,42
1659478849.714237,35
1659478849.826736,30
1659478849.936553,25
1659478850.051434,22
1659478850.168973,23
1659478850.295566,18
1659478850.401062,17
1659478850.517078,23
1659478850.627620,24
1659478850.735275,24
1659478850.848907,27
1659478850.958795,28
1659478851.071965,26
1659478851.184774,31
1659478851.297194,34
1659478851.409629,39
1659478851.515563,42
1659478851.625589,43
1659478851.738366,46
1659478851.846813,45
1659478851.957018,47
1659478852.064092,41
1659478852.186111,36
1659478852.294295,30
1659478852.410480,25
1659478852.522947,23
1659478852.662371,20
1659478852.818781,16
1659478852.932510,15
1659478853.059671,16
1659478853.173090,19
1659478853.327106,18
1659478853.441080,14
1659478853.551987,14
1659478853.658681,14
1659478853.786269,17
1659478853.892908,19
1659478854.011725,18
1659478854.126649,15
1659478854.235688,14
1659478854.350690,14
1659478854.458988,16
1659478854.566201,18
1659478854.677618,17
1659478854.784802,15
1659478854.895278,15
1659478855.010145,15
1659478855.128553,15
1659478855.239681,19
1659478855.347944,17
1659478855.456497,14
1659478855.564148,16
1659478855.673178,15
1659478855.780363,15
1659478855.886754,17
1659478856.024720,17
1659478856.163162,15
1659478856.274571,15
1659478856.388395,13
1659478856.503753,6
1659478856.611861,2
1659478856.719512,2
1659478856.841893,3
1659478856.955599,4
1659478857.073683,4
1659478857.197792,7
1659478857.310382,7
1659478857.423480,8
1659478857.532860,9
